1934
1750
186
-0.093033 0.226245 -0.317115 0
-0.090289 0.227359 -0.317915 0
-0.075122 0.221216 -0.323668 0
-0.0654 -0.226751 -0.324787 1
-0.081265 -0.228884 -0.31954 1
-0.085339 -0.228348 -0.318473 1
-0.055438 0.184038 -0.31775 2
-0.057763 0.183199 -0.316606 2
-0.049556 0.222833 -0.329308 0
-0.058235 0.227082 -0.327106 0
-0.033648 -0.214039 -0.332324 3
-0.041506 -0.215982 -0.331354 3
-0.055526 -0.236306 -0.323445 1
-0.047372 -0.236912 -0.324393 1
-0.035061 -0.239974 -0.324496 1
-0.03145 0.245945 -0.321437 4
-0.022339 0.238668 -0.326837 4
-0.026202 -0.238878 -0.326008 1
-0.016217 -0.235258 -0.329233 1
-0.008355 -0.238529 -0.327393 1
-0.003856 -0.232284 -0.33146 1
0.043355 0.233101 -0.327534 5
0.029944 0.241221 -0.324147 5
0.064916 0.216336 -0.326665 6
0.065017 0.21634 -0.326638 6
0.09764 0.214824 -0.316424 7
0.096658 0.214833 -0.316755 7
0.075405 -0.229084 -0.321435 8
0.077344 -0.230552 -0.320405 8
0.092643 -0.224478 -0.316494 8
-0.112717 0.183991 -0.297588 9
-0.109834 0.186862 -0.301069 9
-0.117922 -0.243319 -0.296384 10
-0.107599 -0.23693 -0.305391 10
-0.103557 -0.246666 -0.300645 10
-0.099276 0.22992 -0.314032 0
-0.076587 -0.004865 -0.2997 11
-0.072098 0.004584 -0.301086 11
-0.071122 -0.107865 -0.301285 11
-0.077586 -0.09665 -0.29936 11
-0.059118 0.125496 -0.304761 12
-0.053845 0.115594 -0.306016 12
-0.055911 0.109059 -0.305523 12
-0.048437 0.076082 -0.307311 12
-0.048028 0.07671 -0.307411 12
-0.054945 0.092337 -0.305748 12
-0.047417 0.074375 -0.307556 12
-0.052529 -0.125207 -0.306184 13
-0.052466 -0.117041 -0.306189 13
-0.06115 -0.118443 -0.304272 13
-0.04448 -0.138467 -0.308 13
-0.062083 -0.256556 -0.301706 10
-0.07976 -0.249292 -0.306954 10
-0.025191 0.076946 -0.310812 14
-0.026582 0.062452 -0.310704 14
-0.027177 0.059886 -0.310654 14
-0.027045 0.05783 -0.310664 14
-0.021546 0.042798 -0.31113 14
-0.005901 -0.032411 -0.312082 14
-0.023651 -0.042623 -0.310965 14
-0.016306 -0.053055 -0.311422 14
0.010397 -0.00984 -0.311996 14
0.010502 -0.009352 -0.311996 14
0.013719 -0.065338 -0.31177 15
-0.00111 -0.077336 -0.312027 15
0.018909 0.053192 -0.311284 14
0.013469 0.042303 -0.31166 14
0.007956 0.033728 -0.312083 14
0.028495 -0.043916 -0.310383 15
0.028919 -0.028366 -0.310407 15
0.028364 -0.026785 -0.310455 15
0.023931 -0.060859 -0.310796 15
0.029908 -0.019274 -0.310368 15
0.029001 -0.246823 -0.320838 16
0.03722 -0.248728 -0.317415 16
0.05222 0.07453 -0.306253 17
0.053429 0.08471 -0.305987 17
0.052785 0.091257 -0.306126 17
0.065747 -0.076832 -0.302915 18
0.064592 -0.07327 -0.30321 18
0.061831 -0.060092 -0.303922 18
0.063904 -0.110432 -0.303404 18
0.062956 -0.105197 -0.303645 18
0.064437 -0.093631 -0.303263 18
0.05449 -0.249449 -0.313701 16
0.040038 -0.248523 -0.317268 16
0.063254 0.247584 -0.313649 19
0.079273 0.239863 -0.314352 19
0.062059 0.248347 -0.312878 19
0.083316 0.140521 -0.297147 20
0.085897 0.132085 -0.296191 20
0.087228 0.123651 -0.295669 20
0.078 0.007037 -0.299161 21
0.07705 0.004587 -0.29947 21
0.06984 -0.009531 -0.3017 21
0.065635 -0.02078 -0.303063 21
0.059833 -0.257027 -0.301419 16
0.110405 0.184824 -0.2989 22
0.118614 0.185438 -0.295271 22
0.106523 -0.232762 -0.309122 8
0.103942 -0.221677 -0.312623 8
-0.14574 -0.239117 -0.282816 10
-0.145652 -0.235734 -0.285224 10
-0.135387 -0.238104 -0.290152 10
-0.125743 -0.012494 -0.276618 23
-0.121012 -0.004457 -0.279294 23
-0.123736 -0.241943 -0.294077 10
-0.097994 -0.12412 -0.291252 24
-0.102522 -0.132389 -0.289108 24
-0.103404 -0.140822 -0.288691 24
-0.08893 -0.023313 -0.295084 11
-0.088371 -0.027414 -0.295293 11
-0.086883 -0.04032 -0.295832 11
-0.08543 -0.07404 -0.296383 11
-0.091117 -0.059237 -0.294251 11
-0.091728 -0.057167 -0.294019 11
-0.081165 -0.086979 -0.298001 11
-0.083493 -0.090841 -0.297113 11
0.086327 0.09019 -0.296014 20
0.093883 0.073912 -0.293164 20
0.093627 0.045344 -0.293289 20
0.088627 0.039915 -0.295167 20
0.087201 0.033223 -0.295711 20
0.087626 -0.025612 -0.295478 21
0.091884 -0.01518 -0.293771 21
0.090907 -0.042182 -0.294141 21
0.087793 -0.030602 -0.295398 21
0.09439 0.073247 -0.292924 20
0.094234 0.072863 -0.292998 20
0.098313 0.056416 -0.291071 20
0.095176 0.011044 -0.292574 21
0.099481 0.023263 -0.290525 21
0.110736 -0.24704 -0.29658 8
0.116357 -0.251476 -0.286818 8
0.128359 0.23248 -0.297632 25
0.140148 0.220637 -0.293278 25
0.134401 0.184248 -0.285319 22
0.144835 0.184082 -0.277785 22
0.143407 -0.232889 -0.288254 26
0.14997 -0.242268 -0.276616 26
0.140076 -0.225762 -0.292477 26
-0.16358 -0.232856 -0.274274 10
-0.17856 -0.229414 -0.262448 10
-0.163231 -0.233183 -0.2743 10
-0.155567 0.24655 -0.270247 27
-0.161961 0.241462 -0.268895 27
-0.166673 0.24353 -0.263837 27
-0.144243 0.028233 -0.26402 28
-0.143762 0.03006 -0.264399 28
-0.142603 0.038492 -0.265352 28
-0.14785 0.010772 -0.261124 28
-0.145865 0.016082 -0.262663 28
-0.154794 0.001897 -0.255709 28
-0.141387 0.112305 -0.266113 28
-0.141906 0.110081 -0.265753 28
-0.141902 0.095582 -0.265785 28
-0.140161 0.124484 -0.26692 28
-0.13307 0.130185 -0.271859 28
-0.142172 0.07887 -0.265617 28
-0.142066 0.093851 -0.265673 28
-0.14204 0.045429 -0.265726 28
-0.141858 0.044358 -0.265848 28
0.142233 -0.0346 -0.265596 29
0.140487 -0.042914 -0.266779 29
0.140739 -0.059493 -0.266596 29
0.139344 -0.063511 -0.267549 29
0.124679 -0.256947 -0.272984 8
0.149901 0.241047 -0.277776 25
0.154566 0.246826 -0.269343 25
0.160339 0.248365 -0.262004 25
0.153826 3.4E-4 -0.25649 29
0.149928 -0.010696 -0.259514 29
0.147968 -0.018891 -0.261081 29
0.145711 -0.026738 -0.262829 29
0.142573 -0.120665 -0.265352 30
0.14717 -0.109987 -0.261701 30
0.182111 -0.215296 -0.261049 31
0.17654 -0.216617 -0.266553 31
-0.193398 0.243488 -0.236265 27
-0.190395 0.243057 -0.240018 27
-0.182917 0.239059 -0.251945 27
-0.165134 -0.110072 -0.246493 28
-0.170653 -0.12346 -0.240841 28
-0.158256 -0.007461 -0.252561 28
-0.163401 -0.018628 -0.247924 28
-0.159833 -0.022906 -0.251103 28
-0.156273 -0.02666 -0.254306 28
-0.156913 -0.039865 -0.253708 28
-0.156143 -0.043895 -0.254402 28
-0.159814 -0.056633 -0.251129 28
-0.162722 -0.106756 -0.248607 28
-0.100399 0.256228 -0.239569 32
-0.096451 0.256366 -0.242044 32
-0.085179 0.255849 -0.246502 32
-0.082378 0.255927 -0.248029 32
-0.072987 0.258454 -0.258949 32
-0.062124 -0.258202 -0.262049 33
-0.045048 -0.255652 -0.259306 33
-0.043789 -0.255602 -0.259608 33
0.041284 -0.256646 -0.264001 33
0.046613 -0.256827 -0.262685 33
0.057724 -0.257725 -0.262424 33
0.157345 0.055955 -0.253315 29
0.157 0.051007 -0.253626 29
0.157092 0.039144 -0.253533 29
0.156873 0.072709 -0.25375 29
0.157191 0.067818 -0.253472 29
0.160398 0.029728 -0.250585 29
0.161464 0.022323 -0.249634 29
0.157483 0.010801 -0.2532 29
0.155301 0.005633 -0.255141 29
0.175794 0.246557 -0.251149 25
0.174708 0.247114 -0.251218 25
0.194775 -0.216532 -0.248692 31
0.194629 -0.216594 -0.24886 31
0.188498 -0.240645 -0.243324 26
0.179803 -0.247637 -0.245542 26
0.169298 -0.25132 -0.248635 26
-0.204834 0.24341 -0.222015 27
-0.202672 0.245348 -0.222746 27
-0.192132 0.183732 -0.235458 34
-0.193888 0.183614 -0.233054 34
-0.182491 0.139616 -0.228183 35
-0.188028 0.132472 -0.221189 35
-0.187969 0.12367 -0.221277 35
-0.192588 0.106832 -0.215518 35
-0.192441 0.107534 -0.215702 35
-0.192874 0.106246 -0.215163 35
-0.200047 -0.232435 -0.238313 10
-0.195807 -0.229154 -0.244286 10
-0.193056 -0.230209 -0.247396 10
0.196783 0.248726 -0.223096 25
0.197352 0.246497 -0.227011 25
0.194156 0.233135 -0.244256 25
0.20021 0.231963 -0.237717 36
0.206018 0.230781 -0.230695 36
0.185536 -0.050077 -0.224237 37
0.180792 -0.062539 -0.229901 37
0.186293 -0.067304 -0.223339 37
0.194481 -0.247804 -0.228837 26
0.195 -0.248758 -0.226142 26
0.217953 0.222451 -0.216993 36
0.208228 0.228893 -0.228312 36
-0.221559 0.210894 -0.212913 38
-0.230984 0.214747 -0.198662 38
-0.231454 0.215195 -0.198022 38
-0.196641 0.073308 -0.209664 35
-0.196285 0.08352 -0.210203 35
-0.196457 0.090057 -0.209933 35
-0.196791 0.056623 -0.209432 35
-0.197017 0.06495 -0.209144 35
-0.199581 0.043033 -0.205452 35
-0.199143 0.039693 -0.206064 35
-0.130587 -0.253585 -0.21206 33
-0.126331 -0.255648 -0.215623 33
0.133767 -0.257668 -0.22055 33
0.140007 -0.255323 -0.206128 33
0.14192 -0.255171 -0.203546 33
0.226912 0.232017 -0.199276 36
0.235668 0.226973 -0.18475 36
0.227359 -0.233193 -0.195838 39
0.225332 -0.221022 -0.205515 39
-0.233264 0.215509 -0.194313 38
-0.231625 0.21513 -0.197656 38
-0.232492 0.239882 -0.178062 27
-0.220821 0.247033 -0.192585 27
-0.220771 0.247056 -0.192625 27
-0.220737 0.247061 -0.192667 27
-0.203094 0.253778 -0.204638 27
-0.212343 -0.06729 -0.183961 40
-0.214048 -0.073366 -0.180802 40
-0.214838 -0.090134 -0.179361 40
-0.214926 -0.089866 -0.179199 40
-0.20139 0.032352 -0.202876 35
-0.203558 0.022841 -0.19924 35
-0.20636 0.003953 -0.194605 35
-0.205272 0.014411 -0.196421 35
-0.137058 0.25432 -0.205713 32
-0.138731 0.255938 -0.20377 32
0.204628 0.139981 -0.197412 41
0.204726 0.13125 -0.19725 41
0.205532 0.123232 -0.195945 41
0.204253 0.114324 -0.198041 41
0.203202 0.106467 -0.199754 41
0.207193 0.039301 -0.193201 41
0.209107 0.036375 -0.19007 41
0.203163 0.056125 -0.199795 41
0.207109 0.042996 -0.193339 41
0.205933 -0.0141 -0.195381 41
0.205696 -0.019382 -0.195739 41
0.205483 -0.024434 -0.196063 41
0.206018 -0.037397 -0.195249 41
0.204207 -0.043435 -0.198108 41
0.20741 -0.043115 -0.193051 41
0.213486 -0.042349 -0.181833 41
0.211429 -0.055904 -0.185621 41
0.217105 -0.247415 -0.194819 42
0.217569 -0.252844 -0.178168 42
0.241994 -0.214963 -0.173762 43
0.236093 -0.216371 -0.186514 43
-0.24659 -0.232008 -0.155098 44
-0.246346 -0.231688 -0.155956 44
-0.241142 -0.225452 -0.173107 44
-0.24071 0.232452 -0.170353 27
-0.229604 -0.235663 -0.19045 45
-0.229067 -0.246508 -0.174954 45
-0.21455 0.140223 -0.179416 46
-0.218478 0.123711 -0.171505 46
-0.211114 0.126259 -0.186347 46
-0.215986 -0.021134 -0.176992 35
-0.21651 -0.023126 -0.175799 35
-0.21704 -0.040042 -0.174569 35
-0.216654 -0.025051 -0.175483 35
-0.215047 -0.091187 -0.178979 40
-0.2166 -0.106913 -0.175518 40
-0.216649 -0.11101 -0.17541 40
-0.17316 -0.256507 -0.161167 33
-0.169428 -0.257184 -0.171348 33
-0.167315 -0.25737 -0.177151 33
-0.158346 0.254483 -0.179806 32
-0.165239 0.255912 -0.168598 32
0.22062 0.090201 -0.166245 47
0.216963 0.103074 -0.174788 47
0.217912 0.056528 -0.172572 47
0.219473 0.067169 -0.168929 47
0.219028 0.07338 -0.169967 47
0.220431 -0.023308 -0.167083 48
0.216064 -0.008205 -0.176915 48
0.243815 0.220665 -0.168326 36
0.246581 0.224805 -0.158211 36
0.249105 0.226364 -0.15044 36
0.248151 -0.216361 -0.15814 43
-0.245447 0.22407 -0.16326 27
-0.249154 0.228337 -0.149699 27
-0.250341 0.229857 -0.145128 27
-0.230187 0.077601 -0.140145 49
-0.227514 0.089944 -0.14815 49
-0.223395 0.076884 -0.159645 50
-0.223763 0.073188 -0.158752 50
-0.224778 0.069643 -0.156312 50
-0.188328 0.258554 -0.139395 32
-0.182881 0.257772 -0.147062 32
-0.180292 0.257929 -0.153595 32
-0.184714 -0.258608 -0.148507 33
-0.175513 -0.256649 -0.157246 33
0.223493 -0.057718 -0.159519 51
0.224788 -0.051011 -0.156124 51
0.22455 -0.040998 -0.156714 51
0.226877 -0.072587 -0.150676 51
0.22241 -0.107882 -0.162375 52
0.221453 -0.091955 -0.164875 52
0.229606 0.136677 -0.141964 51
0.230572 0.136981 -0.13828 51
0.230329 0.140543 -0.139209 51
0.227119 0.107103 -0.149176 51
0.229574 0.101788 -0.142049 51
0.228561 -0.075079 -0.145241 51
0.228912 -0.082583 -0.144148 51
0.230777 -0.091993 -0.138165 51
0.225397 -0.25697 -0.141386 42
0.231954 -0.250409 -0.151634 42
0.249329 0.232158 -0.145021 36
-0.250726 0.232566 -0.141477 27
-0.249031 0.241004 -0.126122 27
-0.231537 0.023391 -0.134755 53
-0.232333 0.012737 -0.131767 53
-0.231095 0.007578 -0.136261 53
-0.232442 -0.114062 -0.131867 54
-0.23512 -0.123709 -0.119636 54
-0.233112 -0.140523 -0.128761 54
-0.23436 -0.132796 -0.123095 54
0.23302 0.089938 -0.128962 51
0.232768 0.085051 -0.129915 51
0.234102 0.086976 -0.12486 51
0.231736 -0.023989 -0.134689 51
0.231925 -0.009283 -0.133831 51
0.235041 -0.131258 -0.121051 55
0.23456 -0.127969 -0.123052 55
0.234377 -0.125816 -0.123816 55
0.229659 -0.257034 -0.12585 56
0.23832 -0.250223 -0.131057 56
0.243018 -0.247354 -0.12854 56
0.250579 -0.233125 -0.137394 56
0.246745 -0.244543 -0.120425 56
-0.249028 0.184235 -0.108511 57
-0.248782 0.184209 -0.109832 57
-0.251595 -0.238331 -0.119425 44
-0.249178 -0.239575 -0.12735 44
-0.248635 -0.237264 -0.136869 44
-0.194966 -0.257977 -0.112395 33
-0.189938 -0.255085 -0.096714 33
-0.183033 -0.255182 -0.128103 33
-0.182803 -0.254044 -0.129111 33
0.191709 0.258061 -0.128293 32
0.190166 0.256288 -0.114137 32
0.191037 0.256022 -0.109563 32
0.247508 0.248073 -0.095746 36
0.249153 0.246639 -0.098269 36
0.236298 0.055383 -0.113007 51
0.236546 0.051226 -0.111692 51
0.236504 0.038183 -0.111969 51
0.236576 0.034075 -0.111616 51
0.236105 0.020507 -0.114296 51
0.235675 0.012494 -0.116731 51
0.235705 0.00878 -0.116516 51
0.236222 -0.042667 -0.114278 58
0.236409 -0.052299 -0.113055 58
0.236193 -0.05952 -0.114352 58
0.235876 -0.071953 -0.116164 58
0.235951 -0.076277 -0.115716 58
0.25418 0.235951 -0.114281 36
-0.259071 0.233093 -0.073995 27
-0.259177 0.232911 -0.074403 27
-0.253544 0.240816 -0.091307 27
-0.262525 -0.215766 -0.08339 59
-0.262525 -0.215766 -0.083396 59
-0.262517 -0.215773 -0.083498 59
-0.259087 -0.232566 -0.083953 59
-0.259254 -0.231508 -0.084483 59
-0.248045 -0.247163 -0.104173 44
-0.241124 0.251999 -0.107379 27
-0.249232 0.246856 -0.096175 27
-0.239584 -0.023288 -0.085213 60
-0.239508 -0.017153 -0.086198 60
-0.239663 -0.007608 -0.082813 60
-0.23949 -0.039845 -0.086672 60
-0.239424 -0.033008 -0.087654 60
-0.246205 -0.248826 -0.100671 44
0.238452 0.13821 -0.097124 61
0.237933 0.1252 -0.102118 61
0.238948 0.12099 -0.092239 61
0.238648 0.114761 -0.095079 61
0.238705 0.104505 -0.094767 61
-0.259392 0.232583 -0.073767 27
-0.262527 -0.215772 -0.083284 59
-0.259324 -0.232348 -0.06492 59
0.239459 0.050285 -0.060157 62
0.239389 0.046374 -0.058241 62
0.239306 0.032727 -0.05594 62
0.239294 0.03146 -0.055621 62
0.239374 0.013506 -0.057699 62
0.239483 0.005981 -0.060551 62
0.239588 -0.077518 -0.081725 63
0.239642 -0.08589 -0.080023 63
0.239554 -0.09439 -0.082734 63
0.259127 -0.232431 -0.063228 64
0.259705 -0.230568 -0.06875 64
-0.259295 0.221425 -0.037941 27
-0.259511 0.224897 -0.047355 27
-0.259795 0.22775 -0.056194 27
-0.259281 -0.232513 -0.064766 59
-0.238843 0.039959 -0.050417 65
-0.238446 0.045246 -0.046078 65
0.241577 0.250449 -0.027355 36
0.240838 0.251886 -0.035159 36
0.244448 0.25005 -0.044327 36
0.248714 -0.246745 -0.043069 64
0.244734 -0.248929 -0.033113 64
0.249735 -0.18414 -0.043454 66
0.25182 -0.187018 -0.04659 66
0.256195 -0.236234 -0.0506 64
-0.251049 0.184672 -0.056353 67
-0.25114 0.184842 -0.05629 67
-0.237718 -0.056394 -0.040575 68
-0.237593 -0.048034 -0.039682 68
-0.237434 -0.039893 -0.038517 68
-0.237626 -0.073158 -0.039915 68
-0.237659 -0.065089 -0.040147 68
-0.238738 -0.087508 -0.048005 68
-0.190358 0.257223 -0.017948 32
-0.191628 0.256789 -0.024908 32
-0.192788 0.256657 -0.034154 32
0.235675 0.115478 -0.027749 69
0.236098 0.106163 -0.030131 69
0.23535 0.09912 -0.025985 69
0.234421 0.093411 -0.020842 69
0.242113 -0.250247 -0.028342 64
0.24036 -0.250349 -0.017751 64
-0.248238 0.235411 -0.002654 70
-0.246791 0.241132 -0.013185 70
-0.250475 0.238328 -0.020897 70
-0.247431 -0.246271 -0.030592 59
-0.249927 -0.239806 -0.020919 59
-0.251849 -0.234253 -0.011581 59
-0.235123 0.136886 -0.023633 71
-0.234076 0.128434 -0.019382 71
-0.231684 0.124176 -0.009465 71
-0.232424 0.057073 -0.012568 71
-0.23203 0.060664 -0.010933 71
-0.233644 0.073791 -0.017628 71
0.231747 0.066405 -0.01033 69
0.232779 0.076144 -0.014391 69
0.231342 -0.05832 -0.008699 69
0.231683 -0.053275 -0.010047 69
0.231915 -0.041598 -0.010977 69
0.231397 -0.071236 -0.008904 69
0.231472 -0.075117 -0.009201 69
0.231258 -0.091846 -0.008352 69
0.231166 -0.088944 -0.007982 69
0.253074 0.226543 -0.009056 72
0.255174 0.221271 -0.015015 72
0.257397 0.222406 -0.025892 72
0.243235 -0.184048 -0.007603 73
0.245908 -0.185733 -0.013771 73
-0.248342 0.23347 0.001285 70
-0.244801 -0.184834 -0.012601 74
-0.24463 -0.184369 -0.012982 74
-0.225695 0.107568 0.00952 75
-0.219818 0.117684 0.02422 75
-0.225655 0.106543 0.009621 75
-0.224707 0.090809 0.011986 75
-0.225773 0.040592 0.00932 76
-0.225865 0.0401 0.009091 76
-0.223702 0.023973 0.014592 76
-0.2266 -0.023372 0.006333 76
-0.226746 -0.016783 0.005915 76
-0.227677 -0.027411 0.003268 76
-0.227656 -0.039982 0.003413 76
-0.227321 -0.106806 0.004365 77
-0.226373 -0.113995 0.007043 77
-0.224749 -0.123557 0.011631 77
0.188528 0.258637 -0.00373 32
0.175208 0.255076 0.004438 32
0.229932 0.083626 -0.003554 78
0.230331 0.088225 -0.004755 78
0.25025 0.215588 0.009466 72
0.250761 0.217098 0.006472 72
-0.24812 -0.215735 0.014818 79
-0.24431 -0.213958 0.024312 79
-0.239624 0.222584 0.033156 70
-0.242542 0.225644 0.024013 70
-0.216952 0.124424 0.030157 75
-0.214188 0.111604 0.035865 75
-0.167803 0.254716 0.019778 32
-0.176986 0.256444 0.012062 32
-0.164871 0.251966 0.025431 32
0.219114 0.127372 0.025727 80
0.213884 0.12577 0.036413 80
0.21553 0.137631 0.033061 80
0.218461 -0.138012 0.027124 81
0.212768 -0.123356 0.03858 81
0.22484 -0.246591 0.040189 82
0.213707 -0.253757 0.042458 82
0.247426 0.221419 0.015485 72
0.244936 0.219992 0.022267 72
0.245621 0.214654 0.023183 72
0.240624 0.213854 0.034074 72
-0.234595 0.226016 0.04187 70
-0.230008 0.229177 0.049232 70
-0.226175 -0.232518 0.054913 59
-0.226147 -0.229616 0.056346 59
-0.229571 -0.240288 0.037365 59
-0.209309 0.074139 0.044949 83
-0.20402 0.089977 0.054198 83
-0.204119 0.057566 0.054036 83
-0.209013 -0.056537 0.04586 84
-0.208917 -0.056282 0.046047 84
-0.203899 -0.031777 0.054284 84
-0.204383 -0.039819 0.053468 84
-0.200014 -0.051765 0.060583 84
-0.208801 -0.056714 0.046269 84
-0.202645 -0.073209 0.056304 84
0.137182 0.254567 0.061083 32
0.14136 0.25576 0.056374 32
0.20254 -0.132941 0.05658 85
0.209272 -0.139993 0.045087 85
0.227423 0.241231 0.042281 86
0.228832 0.23441 0.048264 86
0.221618 0.235273 0.060568 86
-0.225953 0.224815 0.058131 70
-0.221873 0.223815 0.065448 70
-0.212852 0.233553 0.07517 70
-0.206791 0.239643 0.077001 70
-0.225313 -0.232519 0.056491 59
-0.199293 0.024132 0.061235 87
-0.197981 0.035497 0.063215 87
-0.196765 0.040726 0.06507 87
-0.198742 0.007516 0.061994 87
-0.201484 0.01828 0.057921 87
-0.200139 -0.110826 0.060414 84
-0.195561 -0.123355 0.066776 84
-0.133656 -0.256876 0.073667 33
-0.138368 -0.256673 0.06807 33
-0.144565 -0.256606 0.061639 33
-0.133018 0.254384 0.066115 32
-0.132598 0.254445 0.066682 32
-0.125197 0.257436 0.082544 32
0.196244 0.018062 0.065815 88
0.195708 0.012726 0.066614 88
0.196307 -0.00257 0.065729 88
0.197099 -0.072543 0.064576 88
0.194912 -0.085414 0.06778 88
0.194733 -0.08927 0.068037 88
0.192781 -0.095543 0.070892 88
0.210615 -0.24647 0.065107 82
0.19404 -0.25319 0.07448 82
0.211335 0.235353 0.076447 86
0.220237 0.234418 0.06368 86
0.220137 -0.2281 0.06853 82
0.22022 -0.232218 0.066794 82
-0.212779 0.216036 0.081391 89
-0.217227 0.216954 0.075072 89
-0.208712 -0.214994 0.087974 90
-0.209077 -0.214933 0.087442 90
-0.218611 -0.214965 0.073044 90
-0.188536 0.141179 0.076154 91
-0.189652 0.132931 0.074712 91
-0.184546 0.128646 0.08135 91
-0.180419 0.12432 0.085968 92
-0.173437 0.135323 0.093789 92
-0.181813 0.073938 0.084449 92
-0.179391 0.067092 0.087113 92
-0.182338 0.057221 0.08385 92
-0.18104 0.044744 0.085293 92
-0.175411 0.040393 0.091475 92
-0.174552 0.036719 0.092433 92
-0.173398 0.023926 0.093642 92
-0.173454 0.020816 0.093588 92
-0.17697 0.007636 0.089725 92
0.175094 0.140129 0.091901 93
0.181389 0.12802 0.084884 93
0.183562 0.123302 0.082459 93
0.183598 0.062002 0.082499 88
0.180054 0.072678 0.08639 88
0.188455 -0.247245 0.093925 82
0.189603 -0.24882 0.08924 82
0.194905 0.246406 0.087222 86
0.196403 0.245433 0.086215 86
0.184972 0.089588 0.080778 93
0.186849 0.084768 0.078358 93
0.193164 0.055359 0.070235 88
0.193774 0.050007 0.069471 88
0.189245 -0.106204 0.075281 88
0.188077 -0.113945 0.076758 88
0.187569 -0.122952 0.077373 88
-0.201854 0.216663 0.09616 89
-0.201692 0.216625 0.096335 89
-0.189356 0.214081 0.108985 89
-0.182788 0.185001 0.101144 94
-0.184652 0.187108 0.100776 94
-0.169957 0.243955 0.114322 70
-0.171852 0.247587 0.109055 70
-0.057574 -0.257421 0.117572 33
-0.043867 -0.25593 0.116646 33
-0.040974 -0.255748 0.117188 33
0.085231 0.256351 0.102271 32
0.082337 0.25635 0.103788 32
0.073032 0.258642 0.114309 32
0.060824 -0.258248 0.117523 33
0.069861 -0.257753 0.112556 33
0.077772 -0.257929 0.109745 33
0.100219 0.25651 0.095016 32
0.09652 0.256687 0.097286 32
0.154331 0.056034 0.111403 95
0.153831 0.046283 0.111834 95
0.154444 0.039003 0.111312 95
0.15513 0.020481 0.110759 95
0.153475 0.006346 0.112151 95
0.154073 -0.001917 0.111643 95
0.158886 -0.072132 0.107614 96
0.170117 -0.056743 0.097084 96
0.157786 -0.072628 0.108646 96
0.190068 0.232283 0.106039 86
0.188765 0.230584 0.10806 86
0.196639 -0.232079 0.099454 97
0.196601 -0.231931 0.099529 97
0.196705 -0.231983 0.099408 97
-0.176699 0.216542 0.122546 89
-0.176809 0.216539 0.12245 89
-0.176444 -0.183904 0.106868 98
-0.176375 -0.183873 0.106904 98
-0.152118 -0.025255 0.113362 99
-0.146559 -0.013715 0.117802 99
-0.146749 -0.009881 0.117623 99
-0.155561 -0.102932 0.110638 99
-0.151561 -0.10613 0.113792 99
-0.17049 -0.228863 0.125029 100
-0.161372 -0.225946 0.132764 100
-0.156523 -0.227838 0.136027 100
-0.145512 -0.250127 0.126173 101
-0.153956 -0.246498 0.125685 101
-0.128252 0.054735 0.130605 102
-0.127369 0.059352 0.131137 102
-0.126305 0.071659 0.131761 102
-0.124658 0.003972 0.132809 102
-0.124072 0.011255 0.133131 102
-0.127044 0.020969 0.131345 102
0.119664 0.024579 0.135901 103
0.119777 0.025275 0.135831 103
0.133221 0.100644 0.127484 95
0.144816 0.089718 0.11908 95
0.143493 0.076921 0.120064 95
0.142962 0.073021 0.12044 95
0.130453 -0.071926 0.12933 95
0.130587 -0.071676 0.129236 95
0.1369 -0.055591 0.124789 95
0.140228 -0.088523 0.122475 95
0.130585 -0.072169 0.129237 95
0.140274 -0.105173 0.122444 95
0.140638 -0.093174 0.122184 95
0.164499 0.247007 0.118277 104
0.154248 0.233868 0.135953 104
0.160397 0.230615 0.133481 86
0.170671 0.227403 0.125698 86
0.174512 0.228386 0.122206 86
0.146783 0.066714 0.117694 95
0.153879 -0.016137 0.111831 95
0.153906 -0.021015 0.111821 95
0.147677 -0.038543 0.116897 95
0.148251 -0.032803 0.11643 95
-0.112337 0.122596 0.139792 102
-0.104928 0.134878 0.143727 102
-0.117142 0.106213 0.137277 102
-0.117414 0.105222 0.13713 102
-0.117874 0.104607 0.136895 102
-0.091864 0.256607 0.146191 105
-0.108668 0.248761 0.150439 105
-0.104258 0.137257 0.144027 102
-0.099617 -0.033372 0.146055 106
-0.100781 -0.046904 0.145535 106
-0.102265 -0.05194 0.144761 106
-0.102148 -0.118939 0.14477 106
-0.107777 -0.117078 0.142179 106
-0.102897 -0.104156 0.144512 106
-0.10939 -0.138274 0.141383 106
-0.099661 -0.126411 0.145921 106
0.080425 -0.031039 0.153963 107
0.088857 -0.032936 0.150562 107
0.095704 -0.029524 0.147902 107
0.11001 0.045621 0.141161 108
0.0976 0.05862 0.146925 108
0.095443 -0.007061 0.147962 107
0.098444 -4.51E-4 0.146594 107
0.103542 0.009644 0.14422 107
0.097076 -0.02368 0.147219 107
0.096567 -0.021628 0.147474 107
0.09912 -0.027544 0.146219 107
0.112301 -0.257144 0.137689 109
0.114019 -0.251879 0.14445 109
0.120164 -0.254992 0.13685 109
0.112448 0.247295 0.152043 104
0.114234 0.246597 0.152029 104
0.132878 0.23571 0.148883 104
0.138884 0.23637 0.144594 104
0.138724 0.215368 0.151433 110
0.134799 0.215123 0.153758 110
0.132925 -0.214431 0.155709 111
0.133367 -0.214296 0.155398 111
0.138759 -0.214851 0.151896 111
0.139813 -0.246412 0.137254 109
0.142998 -0.241968 0.138354 109
0.160457 -0.234233 0.131872 109
0.148585 -0.241159 0.135095 109
-0.126757 0.215862 0.158101 70
-0.13219 0.215244 0.154981 70
-0.122333 -0.225742 0.158366 100
-0.117343 -0.22554 0.160949 100
-0.105841 -0.225287 0.16637 100
-0.089725 -0.226963 0.17276 100
-0.09621 -0.224158 0.170693 100
-0.056012 0.023018 0.161198 112
-0.056239 0.030656 0.161171 112
-0.056664 0.038936 0.161185 112
-0.051852 -0.008371 0.16204 112
-0.062973 -0.020134 0.159458 112
-0.029887 0.245317 0.177849 113
-0.023958 0.249147 0.173742 113
-0.029055 -0.02691 0.166058 114
-0.028339 -0.017618 0.16621 114
-0.02731 -0.027544 0.16633 114
-0.032583 -0.040985 0.165517 114
-0.024951 -0.038741 0.166377 114
-0.021743 -0.245419 0.178447 115
-0.023121 -0.247461 0.175779 115
0.016754 0.042982 0.166986 116
-2.46E-4 0.03617 0.167754 116
0.014467 -0.026513 0.16729 116
0.017962 -0.041239 0.166942 116
0.022602 -0.249491 0.173874 115
0.039913 -0.246111 0.176091 115
0.040551 -0.24612 0.175989 115
0.041266 -0.245746 0.176356 115
0.046603 0.031714 0.163077 116
0.055101 0.021802 0.161243 116
0.057306 0.009669 0.160752 116
0.056377 0.008142 0.160954 116
0.056177 -0.005075 0.160981 116
0.058402 -0.010819 0.16047 116
0.094792 -0.23683 0.167155 117
0.080788 -0.231369 0.175741 117
0.087181 0.184321 0.163958 118
0.081607 0.185516 0.166762 118
0.105889 -0.246359 0.156166 117
0.13253 -0.214396 0.155905 111
0.11565 -0.214218 0.164664 111
-0.086342 0.21495 0.176414 113
-0.080847 0.230971 0.175353 113
-0.099233 0.213367 0.170893 113
-0.072784 -0.237284 0.173748 100
-0.085127 -0.230883 0.173591 100
-0.062884 0.23029 0.181177 113
-0.057658 0.226133 0.18294 113
-0.044658 0.222405 0.186062 113
-0.040345 -0.213857 0.187616 119
-0.040398 -0.213857 0.187607 119
-0.041774 -0.213916 0.187336 119
-0.062712 -0.230892 0.180156 100
-0.032504 0.230321 0.186183 113
0.009624 0.24995 0.173708 120
-0.007465 0.256015 0.166321 120
0.01909 -0.230687 0.18748 121
0.025727 -0.218402 0.189291 121
0.047369 0.227613 0.184336 120
0.044049 0.231422 0.184145 120
0.065383 0.220267 0.181733 120
0.051963 0.22731 0.183372 120
0.079132 0.228991 0.176212 120
0.082338 0.231074 0.174913 120
0.083458 0.231096 0.174517 120
0.099523 0.225429 0.169589 120
0.078125 -0.228447 0.177238 117
0.005869 0.052186 0.218353 122
0.008517 0.056127 0.214011 122
0.004824 0.060234 0.207342 122
0.018462 0.069575 0.194836 123
0.028771 0.069168 0.208352 123
0.048559 -0.11538 0.192166 124
0.047887 -0.103082 0.204115 124
0.039845 -0.13894 0.214468 125
0.035703 -0.150206 0.199169 125
0.044411 -0.135356 0.203049 125
-0.037049 0.143708 0.216659 126
-0.026708 0.145718 0.233689 126
-0.037309 0.143575 0.215926 126
-0.022345 0.066013 0.208186 127
-0.018052 0.062344 0.209568 127
-0.016872 0.054424 0.218732 127
-0.025456 -0.153637 0.217213 128
-0.011124 -0.154989 0.2309 128
0.01408 0.151942 0.234591 128
0.02538 0.153958 0.217616 128
0.013534 0.042052 0.228414 122
0.012878 0.043545 0.22698 122
0.019179 -0.060036 0.215015 129
0.017392 -0.057738 0.215982 129
0.015741 -0.050228 0.222249 129
0.013844 -0.044984 0.227043 129
0.023626 -0.06721 0.207564 129
0.028878 -0.073836 0.202024 129
0.042645 0.134695 0.214723 130
0.038685 0.135004 0.229916 130
0.039334 0.132782 0.231367 130
0.02885 0.069198 0.208499 123
0.028918 0.069161 0.208674 123
0.033726 0.066457 0.221764 123
-0.029037 0.134969 0.249041 126
-0.030236 0.138342 0.241131 126
-0.045851 0.078169 0.239356 131
-0.046345 0.082181 0.236545 131
-0.047304 0.089283 0.22927 131
-0.021617 0.046621 0.229581 127
-0.016693 0.053875 0.21914 127
-0.020767 -0.140876 0.250106 128
-0.019572 -0.145829 0.241687 128
-0.011206 -0.151726 0.238153 128
0.015229 0.040026 0.229799 122
0.017439 0.146305 0.242405 128
0.017887 0.142047 0.250234 128
0.029307 0.028732 0.244002 129
0.020228 0.024735 0.240465 129
0.015283 0.024879 0.237603 129
0.004238 -0.026609 0.236476 129
0.00327 -0.011464 0.23953 129
0.002006 -0.006696 0.240523 129
0.013628 -0.042826 0.228425 129
0.038381 0.116156 0.260468 132
0.045441 0.109673 0.247804 132
0.043922 -0.068839 0.243012 133
0.044368 -0.065038 0.248242 133
0.04434 -0.061546 0.250813 133
0.042005 -0.072017 0.229905 133
-0.045932 -0.025871 0.273341 134
-0.045 -0.023494 0.272026 134
-0.047671 -0.072553 0.266949 134
-0.046231 -0.05587 0.268246 134
-0.045934 -0.10081 0.254529 134
-0.044892 -0.092906 0.26719 134
-0.044891 -0.092755 0.267363 134
-0.021463 -0.130384 0.265102 128
-0.020197 -0.127245 0.269768 128
-0.021305 -0.12303 0.274096 128
0.015444 0.132383 0.26585 128
0.012272 0.123638 0.278241 128
0.021077 0.118287 0.278885 128
0.046417 0.053534 0.261164 132
0.04628 0.066107 0.251924 132
0.046253 0.066363 0.251465 132
0.03999 0.008701 0.261824 133
0.045569 0.028029 0.271341 133
0.040872 0.005762 0.264972 133
0.043944 -0.012433 0.272076 133
0.041285 6.8E-4 0.26575 133
0.04263 -0.023417 0.265658 133
0.041583 -0.031649 0.26138 133
0.0449 -0.053832 0.257291 133
0.043678 -0.043814 0.260239 133
0.038883 -0.1185 0.255353 125
0.038567 -0.113414 0.261782 125
0.040983 -0.104569 0.267023 125
0.039008 -0.125745 0.245731 125
0.037574 -0.122111 0.253345 125
-0.046486 -0.010386 0.2866 134
-0.046949 0.003405 0.293869 134
-0.045924 -0.022123 0.274464 134
-0.047214 -0.043554 0.278593 134
-0.04653 -0.050143 0.272152 134
-0.028656 -0.106334 0.283916 128
-0.026652 -0.105841 0.286554 128
-0.031161 -0.091479 0.293058 128
-0.029319 0.112559 0.277335 126
-0.030032 0.105724 0.282931 126
-0.029635 0.098722 0.28952 126
-0.014833 -0.114598 0.285997 128
-0.025391 -0.111741 0.282708 128
0.044795 -0.084852 0.272774 125
0.043766 -0.076405 0.282301 125
0.043955 -0.073046 0.283755 125
-0.006345 0.076745 0.315901 128
0.009694 0.078159 0.314603 128
0.025529 0.102556 0.291099 128
0.025567 0.102487 0.291134 128
0.019314 0.089861 0.303738 128
0.004565 -0.106362 0.296927 135
0.015696 -0.10521 0.293926 135
0.006818 -0.09779 0.303101 135
0.04494 0.009196 0.300655 125
0.043699 0.02271 0.304838 125
0.043536 0.023578 0.305345 125
0.044381 -0.013364 0.30047 125
0.044581 -7.0E-5 0.300507 125
-0.022796 0.059851 0.317578 126
-0.028392 0.068412 0.309539 126
-0.020274 -0.048624 0.322714 128
-0.020999 -0.056606 0.319161 128
-0.023067 -0.066374 0.314002 128
-0.001894 0.059552 0.32355 128
0.00796 0.074761 0.316384 128
-0.00605 -0.03399 0.33059 128
-0.014339 -0.039473 0.328173 128
-0.002988 -0.018477 0.33371 128
-0.005313 -0.02644 0.331909 128
-0.001481 0.023626 0.333112 128
-0.001663 0.017002 0.333924 128
0.00161 0.006135 0.335109 128
0.001001 -0.00235 0.335358 128
0.001684 -0.006129 0.335324 128
0.003232 -0.017206 0.33472 128
-0.036241 0.258077 -0.269305 32
-0.049906 0.255689 -0.259283 32
-0.053144 0.25579 -0.258881 32
-0.025039 0.256594 -0.266882 32
-0.019652 0.256273 -0.266707 32
-0.029041 -0.258106 -0.269277 33
-0.04246 -0.255712 -0.260045 33
0.098938 0.257561 -0.244351 32
0.107664 0.254533 -0.23052 32
-0.128211 0.257399 -0.22135 32
-0.123343 0.25727 -0.224824 32
-0.116905 0.258209 -0.233943 32
-0.109306 -0.258515 -0.240024 33
-0.115989 -0.257095 -0.229993 33
-0.120731 -0.257068 -0.226584 33
-0.1463 -0.25757 -0.203402 33
-0.15103 -0.25769 -0.198468 33
-0.159334 -0.2584 -0.192422 33
-0.168319 0.256106 -0.16488 32
-0.167956 0.256068 -0.16564 32
0.172386 0.254488 -0.155424 32
0.17212 0.254727 -0.155904 32
0.168113 -0.254756 -0.163827 33
0.163837 -0.256206 -0.17945 33
-0.185367 0.255116 -0.119867 32
-0.185557 0.254501 -0.119299 32
-0.182344 -0.255189 -0.130283 33
-0.196198 0.25774 -0.102842 32
-0.185687 0.255112 -0.118566 32
-0.190166 -0.253729 -0.095541 33
-0.197687 0.257587 -0.086705 32
-0.197221 0.257748 -0.095049 32
-0.190217 -0.255092 -0.094434 33
-0.19952 -0.258161 -0.079831 33
0.190931 -0.255105 -0.098486 33
0.190798 -0.255209 -0.100543 33
0.194773 -0.257695 -0.117461 33
-0.190463 0.255049 -0.054227 32
-0.190387 0.254633 -0.052653 32
-0.190225 0.255036 -0.051642 32
-0.194044 -0.257494 -0.02668 33
-0.191592 -0.255615 -0.041589 33
-0.19231 -0.255525 -0.045102 33
0.197809 0.258339 -0.043692 32
0.185716 0.25521 -0.026093 32
0.185712 0.255211 -0.026 32
0.19694 -0.257267 -0.049909 33
0.188047 -0.25504 -0.032311 33
0.188019 -0.255086 -0.030842 33
-0.173003 -0.256497 0.021806 33
-0.176236 -0.256421 0.015227 33
-0.178062 -0.255345 0.003906 33
-0.163567 -0.255817 0.035002 33
-0.167371 -0.256178 0.030321 33
0.170211 -0.252223 0.015273 33
0.167982 -0.254617 0.019098 33
0.150339 0.256457 0.049943 32
0.152255 0.256527 0.047633 32
0.165476 0.258671 0.040392 32
0.159519 -0.258249 0.048024 33
0.148964 -0.257067 0.054306 33
0.145457 -0.256982 0.05785 33
0.128801 0.257804 0.0772 32
0.123295 0.257634 0.080998 32
0.117244 0.258688 0.089902 32
-0.108976 0.255086 0.087764 32
-0.103912 0.256859 0.095697 32
-0.097569 0.257022 0.100066 32
-0.079634 0.254615 0.10173 32
-0.078049 0.253517 0.102558 32
-0.074057 0.254634 0.104098 32
-0.082555 -0.254763 0.100371 33
-0.085502 -0.253392 0.099077 33
0.052464 0.254338 0.111868 32
0.053643 0.255416 0.111435 32
0.109684 -0.256302 0.084538 33
0.1215 -0.257985 0.082189 33
-0.031881 0.256537 0.121791 32
-0.037177 0.256614 0.120304 32
-0.048292 0.257878 0.121479 32
-0.013875 0.257457 0.125471 32
-0.02241 0.257275 0.124313 32
0.004371 0.257666 0.125714 32
-0.004259 0.257804 0.126376 32
-0.021337 -0.255209 0.117854 33
-0.023281 -0.254042 0.117752 33
0.019968 0.255616 0.118993 32
0.018938 0.255645 0.119173 32
0.011489 -0.257411 0.124705 33
0.018214 -0.257316 0.12376 33
0.029004 -0.258509 0.125775 33
0.050862 0.255415 0.112213 32
0.036798 0.257955 0.122865 32
0.044198 -0.257007 0.118956 33
0.038429 -0.257329 0.120532 33
-0.15662 0.256173 -0.182018 32
-0.152956 0.258463 -0.198037 32
0.172543 0.254727 -0.15504 32
0.171578 -0.254642 0.012131 33
0.094189 -0.257574 0.100489 33
0.100399 -0.256159 0.090682 33
-0.06405 0.225108 -0.325943 0
-0.007446 0.234574 -0.330084 4
-0.004291 0.233718 -0.330735 4
-4.11E-4 -0.229349 -0.332148 1
0.002894 -0.230812 -0.331947 1
0.0128 0.184309 -0.323267 136
0.012623 0.185056 -0.323712 136
0.005776 -0.229775 -0.332033 1
0.021615 -0.230249 -0.331328 1
0.016332 0.246985 -0.321589 5
0.029183 -0.225732 -0.331424 1
0.025978 -0.232382 -0.330425 1
0.047546 0.229365 -0.327691 5
0.061496 0.247585 -0.314091 19
0.060625 0.248405 -0.313075 19
0.064865 0.216341 -0.326677 6
0.066024 0.186509 -0.316052 137
0.085447 0.184411 -0.30923 137
0.0734 -0.232532 -0.3212 8
-0.120466 0.223914 -0.305432 0
-0.105053 0.230022 -0.311464 0
-0.100931 0.231802 -0.31217 0
-0.10335 0.231549 -0.311289 0
-0.058484 0.135978 -0.304898 12
-0.06208 0.141953 -0.30403 12
-0.052956 0.098055 -0.306233 12
-0.069734 0.062031 -0.301766 11
-0.072771 0.056899 -0.300781 11
-0.074917 0.039665 -0.300088 11
-0.076741 0.035037 -0.299492 11
-0.072078 0.022836 -0.301015 11
-0.078909 0.053322 -0.298791 11
-0.07285 0.010223 -0.300883 11
-0.079369 -0.008809 -0.298654 11
-0.077672 -0.005354 -0.299285 11
-0.07299 -0.141276 -0.300693 11
-0.078491 -0.131511 -0.299042 11
-0.039624 0.253719 -0.310479 4
-0.029502 0.081946 -0.310453 14
-0.017825 0.017521 -0.311438 14
-0.016976 0.025652 -0.311511 14
0.001624 0.144922 -0.311983 138
5.79E-4 0.136311 -0.311976 138
0.002782 0.126949 -0.312016 138
-0.019664 0.033824 -0.311295 14
0.007206 0.110862 -0.312069 139
0.008455 0.111349 -0.31198 139
0.010704 0.110085 -0.311827 139
0.02163 0.106418 -0.311072 139
0.015953 0.093037 -0.311471 139
0.016169 0.084947 -0.311458 139
0.015944 0.076213 -0.311475 139
0.006904 0.065342 -0.312094 139
-0.008235 0.008506 -0.312104 14
-0.008242 0.008859 -0.312104 14
0.00191 3.9E-4 -0.312083 14
0.001252 -0.088582 -0.311977 15
-0.001379 -0.094328 -0.312022 15
-0.004478 -0.109693 -0.312044 15
-0.003828 -0.111209 -0.312037 15
0.00701 -0.117117 -0.311848 15
8.39E-4 -0.130562 -0.311928 15
0.012649 0.248956 -0.319135 5
0.027062 -0.056222 -0.310493 15
0.046668 0.061794 -0.307465 17
0.045689 0.058031 -0.307679 17
0.047284 0.045268 -0.307339 17
0.079118 0.008298 -0.298822 21
0.063129 -0.088635 -0.303598 18
0.06537 -0.127022 -0.303025 18
0.064144 -0.122876 -0.30334 18
0.087351 0.247152 -0.306281 19
0.088182 0.106893 -0.295302 20
0.086487 0.11482 -0.29595 20
0.087237 0.099864 -0.295661 20
0.103319 0.251411 -0.294018 19
0.096099 0.249455 -0.299722 19
0.09391 0.249257 -0.30089 19
0.107942 -0.235261 -0.306785 8
0.125969 -0.214795 -0.303001 26
0.11556 -0.216067 -0.308589 26
-0.139879 0.213897 -0.29561 0
-0.135215 0.213689 -0.29835 0
-0.134922 0.213705 -0.298536 0
-0.159497 0.212377 -0.281772 140
-0.154464 0.213726 -0.28629 140
-0.163098 -0.233033 -0.27452 10
-0.127718 0.249725 -0.283813 141
-0.120342 0.256509 -0.278331 141
-0.107501 0.135253 -0.28658 142
-0.097332 0.127889 -0.291586 142
-0.122659 1.29E-4 -0.278368 23
-0.098866 -0.11937 -0.290839 24
-0.098566 -0.248323 -0.300389 10
-0.087282 -0.045998 -0.29569 11
-0.096757 -0.247833 -0.301951 10
0.088089 0.250023 -0.301634 19
0.089589 -0.058912 -0.294692 21
0.090097 -0.048701 -0.29447 21
0.090765 -0.065818 -0.294201 21
0.107483 0.251881 -0.291267 19
0.115462 0.249092 -0.291349 19
0.129566 0.250501 -0.280386 19
0.121004 0.251337 -0.284305 19
0.134748 0.250026 -0.277674 19
0.14316 0.246867 -0.277628 19
0.150559 0.232473 -0.283877 25
-0.175248 0.237697 -0.260391 27
-0.183004 -0.227786 -0.258242 10
-0.154497 0.257057 -0.253549 141
-0.147557 0.247507 -0.274732 141
-0.14424 0.129456 -0.264093 28
-0.150943 0.143195 -0.258606 28
-0.160455 -0.073242 -0.250569 28
-0.16022 -0.066367 -0.250787 28
-0.161135 -0.08999 -0.249983 28
-0.160937 -0.08427 -0.250162 28
-0.162441 -0.103189 -0.248854 28
-0.148698 -0.140369 -0.260446 143
-0.152397 -0.131035 -0.257632 143
-0.140525 0.249551 -0.276138 141
-0.142089 0.062208 -0.265681 28
-0.142188 0.077506 -0.265605 28
-0.142101 0.060993 -0.265672 28
-0.075077 -0.255307 -0.249107 33
-0.074288 -0.255259 -0.249367 33
-0.056303 0.255847 -0.257696 32
-0.003472 0.25742 -0.270456 32
0.004764 0.257325 -0.270166 32
0.011609 0.254888 -0.263179 32
-0.014872 0.256227 -0.266931 32
-0.010248 -0.257489 -0.269861 33
-0.018657 -0.257542 -0.26879 33
0.015885 0.254849 -0.262814 32
0.031151 0.256352 -0.265861 32
0.009186 -0.257239 -0.269271 33
4.22E-4 -0.257556 -0.270049 33
0.013001 0.253818 -0.263179 32
0.049885 0.257521 -0.26487 32
0.037705 0.256512 -0.264369 32
0.14043 -0.045469 -0.26682 29
0.140856 -0.125831 -0.266523 30
0.139959 -0.128899 -0.26714 30
0.135166 -0.141877 -0.270419 30
0.152478 0.122987 -0.257536 29
0.14977 0.128812 -0.25964 29
0.152216 0.139753 -0.257707 29
0.154188 0.109664 -0.256227 29
0.146902 -0.071337 -0.261917 30
0.14712 -0.076818 -0.261744 30
0.145582 -0.089436 -0.262964 30
0.146189 -0.093272 -0.262481 30
0.148267 -0.102811 -0.260828 30
0.156244 0.089461 -0.254336 29
0.154792 0.105323 -0.255676 29
0.154778 0.10622 -0.255687 29
0.156475 0.08589 -0.254133 29
0.167649 -0.24751 -0.257506 26
0.165502 -0.237178 -0.268653 26
0.160228 -0.238355 -0.271871 26
-0.17302 -0.128918 -0.238409 28
-0.170541 -0.140222 -0.240946 28
-0.104346 0.256323 -0.237043 32
-0.076025 -0.255337 -0.248754 33
-0.093018 -0.257666 -0.246862 33
0.066528 -0.257524 -0.259526 33
0.075172 -0.257839 -0.257207 33
0.088117 -0.254859 -0.242432 33
0.087642 -0.254908 -0.242778 33
0.10456 -0.2566 -0.238617 33
0.088572 -0.25489 -0.242237 33
0.162355 0.247916 -0.261069 25
0.16086 -0.144541 -0.250148 144
0.163335 -0.13435 -0.247895 144
0.155355 -0.134618 -0.255184 144
0.182709 0.224157 -0.259259 145
0.192784 0.232066 -0.246664 145
-0.2124 0.215194 -0.228613 38
-0.21253 0.215068 -0.228374 38
-0.209053 -0.232179 -0.226871 146
-0.22239 -0.221177 -0.210946 146
-0.192814 -0.254065 -0.218576 147
-0.18819 -0.251859 -0.229005 147
-0.184803 -0.25712 -0.222005 147
-0.182143 0.140451 -0.22856 35
-0.181562 0.13919 -0.229187 35
0.109056 0.254509 -0.229567 32
0.119403 0.257009 -0.22982 32
0.125682 0.257234 -0.225441 32
0.186295 0.139809 -0.22328 148
0.190035 0.131114 -0.218788 148
0.182449 0.004294 -0.227898 37
0.179691 -0.011988 -0.2312 37
0.181131 -0.014257 -0.22948 37
0.183542 -0.024177 -0.226605 37
0.181578 -0.031975 -0.228955 37
0.180942 -0.045364 -0.229721 37
0.218583 -0.233313 -0.210726 39
-0.20377 0.246941 -0.219653 27
-0.187795 -0.134417 -0.221648 149
-0.195051 -0.140235 -0.211849 149
-0.211798 -0.246346 -0.207362 147
-0.147536 0.258308 -0.203301 32
-0.134115 0.255771 -0.208429 32
0.117924 -0.256574 -0.229575 33
0.123649 -0.256593 -0.22515 33
0.134904 0.255396 -0.211318 32
0.132795 0.255436 -0.213421 32
0.218087 0.246356 -0.195856 25
0.218025 0.246371 -0.195919 25
0.202609 0.251816 -0.2073 25
0.198455 0.249632 -0.218564 25
0.204552 0.089761 -0.197531 41
0.203626 0.09981 -0.199062 41
0.206047 0.073038 -0.195085 41
0.205722 0.079184 -0.195616 41
0.204177 0.06396 -0.198144 41
0.202646 -0.088227 -0.20058 150
0.201753 -0.098211 -0.201985 150
0.200763 -0.104683 -0.203544 150
0.200522 -0.117211 -0.203933 150
0.204817 -0.122373 -0.197183 150
0.20665 -0.123213 -0.1943 150
0.205898 -0.13939 -0.195523 150
0.200973 -0.250078 -0.214199 26
0.203626 -0.24981 -0.210978 26
0.212158 -0.24749 -0.203156 26
-0.233243 -0.232136 -0.18762 44
-0.236336 -0.220011 -0.185677 44
-0.209463 0.001314 -0.189535 35
-0.21204 -0.004631 -0.184556 35
-0.213807 -0.123655 -0.181274 151
-0.212362 -0.118256 -0.18392 151
-0.211603 -0.130545 -0.185304 151
-0.214329 -0.140399 -0.18032 151
0.160994 0.257262 -0.188529 32
0.155089 0.257535 -0.196424 32
0.150265 0.257724 -0.203355 32
0.218183 0.24632 -0.195775 25
0.207673 -0.070842 -0.192499 41
0.214667 -0.065284 -0.179676 41
0.213351 0.02265 -0.181844 41
0.215428 0.007789 -0.177899 41
0.213665 0.00426 -0.181296 41
0.211862 3.03E-4 -0.184851 41
0.217264 -0.073836 -0.174038 152
0.221186 -0.090427 -0.165569 152
0.229914 -0.185016 -0.174725 153
0.232078 -0.186376 -0.171839 153
-0.217215 -0.056736 -0.174177 35
-0.21714 -0.04414 -0.17436 35
-0.217419 -0.062003 -0.173729 35
0.160551 -0.256412 -0.18424 33
0.156758 -0.257621 -0.194604 33
0.169059 0.256467 -0.171732 32
0.218459 0.086425 -0.171296 47
0.217674 0.054699 -0.17313 47
0.217381 0.039687 -0.173799 47
0.217349 0.038505 -0.173878 47
0.221391 -0.252049 -0.172022 42
0.226603 -0.24962 -0.168503 42
0.226171 -0.252443 -0.15818 42
0.238838 0.225348 -0.17805 36
0.248435 -0.217434 -0.156743 56
0.238668 -0.232994 -0.172218 56
-0.247135 -0.231197 -0.153745 44
-0.247274 -0.232524 -0.152334 44
-0.228767 0.140244 -0.144481 154
-0.225878 0.126243 -0.153116 154
-0.230296 0.12742 -0.139839 154
-0.232641 0.123442 -0.13062 53
-0.234398 0.133961 -0.123719 53
-0.227357 0.099082 -0.148641 49
-0.232825 0.039871 -0.129843 53
-0.232067 0.031242 -0.132816 53
-0.229974 -0.012431 -0.140363 53
-0.230185 -0.007745 -0.139523 53
-0.222388 0.045432 -0.162088 155
-0.22288 0.039866 -0.160899 155
-0.224443 0.035723 -0.157186 155
0.184219 0.256954 -0.14292 32
0.16862 -0.254436 -0.162983 33
0.168889 -0.254769 -0.162403 33
0.17722 -0.256752 -0.157098 33
0.180678 -0.256831 -0.150621 33
0.226484 0.123841 -0.151024 51
0.226152 0.133884 -0.151994 51
0.221268 -0.124061 -0.165314 52
0.22121 -0.124524 -0.165466 52
0.221112 -0.124669 -0.16572 52
0.228339 0.110763 -0.145636 51
0.246437 0.243254 -0.130737 36
0.251258 -0.228434 -0.138837 56
0.249237 -0.222292 -0.150373 56
-0.246434 0.246998 -0.118275 27
-0.234757 0.140176 -0.121717 53
-0.230637 0.1067 -0.138448 53
-0.231855 0.100167 -0.133673 53
-0.231604 0.112115 -0.134666 53
-0.230798 0.001639 -0.137436 53
0.187184 0.257348 -0.13602 32
0.185063 -0.255838 -0.133637 33
0.183236 -0.25578 -0.138005 33
0.237359 0.088643 -0.107218 51
0.235879 0.072356 -0.115231 51
0.234729 0.001453 -0.122174 51
0.236139 -0.025775 -0.114715 58
0.236412 -0.03545 -0.113143 58
0.233595 -0.109091 -0.127027 55
0.234265 -0.112702 -0.124214 55
0.250122 0.239959 -0.122781 36
-0.234342 0.083704 -0.123926 53
-0.235074 0.073105 -0.119895 53
-0.234792 0.059217 -0.121395 53
-0.234813 0.056441 -0.121284 53
0.236283 0.066808 -0.113056 51
0.236491 -0.017112 -0.112602 58
0.235465 -0.092814 -0.118528 58
0.235312 -0.091505 -0.119439 58
0.23743 -0.128396 -0.106936 55
0.237916 -0.141883 -0.103674 156
0.237878 -0.143297 -0.104092 156
0.249773 -0.185202 -0.103789 157
0.250047 -0.184712 -0.098082 157
0.257764 -0.229055 -0.104744 64
0.259255 -0.227544 -0.092516 64
0.259864 -0.227191 -0.086918 64
-0.250197 -0.184528 -0.09793 158
-0.251456 -0.18467 -0.083176 158
-0.239907 0.115875 -0.073921 159
-0.239377 0.119134 -0.086399 159
-0.239696 0.106645 -0.078931 159
-0.239313 0.089851 -0.087955 159
-0.239592 0.097311 -0.081438 159
-0.239382 5.5E-4 -0.086886 60
-0.239524 -0.056403 -0.08632 60
-0.239543 -0.051641 -0.086092 60
-0.239493 -0.073174 -0.086704 60
-0.239514 -0.068127 -0.086451 60
-0.239701 -0.087335 -0.084062 60
-0.239675 -0.089927 -0.08439 60
-0.239899 -0.102847 -0.081567 60
-0.245827 -0.249264 -0.096899 44
-0.242309 -0.252491 -0.082631 44
0.244895 0.250698 -0.078383 36
0.248471 0.247974 -0.063533 36
0.248868 0.247664 -0.061329 36
0.248001 0.247775 -0.093855 36
0.239794 -0.060725 -0.074696 63
0.239421 -0.043599 -0.087844 63
0.239809 -0.063609 -0.074137 63
0.249323 -0.247021 -0.087328 160
0.247501 -0.248401 -0.085978 160
0.247752 -0.248257 -0.083783 160
0.241751 -0.252811 -0.068187 160
0.259427 -0.231861 -0.069425 64
-0.251255 0.184333 -0.082273 161
-0.252196 0.185575 -0.075372 161
-0.249914 0.246959 -0.067843 70
-0.246139 0.249547 -0.060646 70
-0.245346 0.249985 -0.056362 70
-0.239568 0.023712 -0.058915 65
-0.239571 0.023362 -0.059075 65
-0.239673 0.008842 -0.061451 65
-0.239711 0.007514 -0.064941 65
-0.239851 0.00487 -0.074383 65
-0.239898 -0.106673 -0.080479 60
-0.239898 -0.10757 -0.080707 60
-0.239895 -0.123423 -0.075933 60
-0.239891 -0.140167 -0.075124 60
-0.239915 -0.132619 -0.072665 60
-0.249941 -0.247055 -0.071571 44
-0.195152 0.256436 -0.070317 32
-0.194743 0.256375 -0.074506 32
0.191054 0.255093 -0.059707 32
0.198169 0.257742 -0.067813 32
0.198676 0.257805 -0.075926 32
0.196462 -0.25676 -0.082553 33
0.195267 -0.256474 -0.088218 33
0.247968 0.248214 -0.058703 36
0.23956 0.067405 -0.062887 62
0.239459 0.078307 -0.060233 62
0.239537 0.084221 -0.062207 62
0.239504 0.060501 -0.061417 62
0.239457 -0.128008 -0.059937 162
0.239896 -0.11189 -0.071996 162
0.249577 -0.246784 -0.053579 160
0.251082 0.184211 -0.063615 163
0.251311 0.184672 -0.061014 163
-0.24512 0.249245 -0.043007 70
-0.245664 0.24863 -0.039816 70
-0.253964 0.233244 -0.021413 27
-0.252815 -0.241074 -0.047181 59
-0.238942 0.033321 -0.051335 65
0.191014 0.255091 -0.059085 32
0.196443 -0.256714 -0.066152 33
0.196559 -0.25676 -0.07292 33
-0.245784 0.247342 -0.029026 70
-0.261351 -0.21335 -0.046387 164
-0.259823 -0.215712 -0.030903 164
-0.248299 -0.245294 -0.032575 59
-0.24255 0.250317 -0.034939 70
-0.235456 0.138763 -0.025624 71
-0.235387 0.140773 -0.025194 71
-0.233565 -0.023453 -0.017265 165
-0.235733 -0.019355 -0.027719 165
-0.234583 -0.007922 -0.02183 165
-0.193893 0.256734 -0.040789 32
0.197012 -0.25711 -0.05778 33
0.228267 0.257495 -0.015809 36
0.233078 0.256167 -0.022184 36
0.235813 0.131382 -0.028468 69
0.237147 0.135409 -0.035575 69
0.23609 0.125118 -0.029931 69
-0.24033 -0.244522 0.003845 59
-0.24962 -0.236005 -0.007958 59
-0.234052 0.107303 -0.019296 71
-0.23383 0.118666 -0.018346 71
-0.232781 0.097506 -0.014052 71
-0.233126 0.090579 -0.015482 71
-0.234301 0.087058 -0.02034 71
-0.235058 0.00609 -0.023482 165
-0.234809 -0.12349 -0.023533 166
-0.23531 -0.134136 -0.026055 166
-0.235131 -0.140248 -0.025215 166
-0.233214 -0.109101 -0.015745 166
-0.187465 -0.256596 -0.011816 33
-0.189339 -0.256686 -0.018158 33
0.186404 -0.256456 -0.012432 33
0.188108 -0.256268 -0.017747 33
0.218816 0.261153 -0.014969 36
0.230135 0.13288 -0.004022 167
0.231207 0.147589 -0.008206 167
0.231851 0.049541 -0.010734 69
0.231827 0.055558 -0.010638 69
0.231698 0.032566 -0.010129 69
0.231838 0.03858 -0.010676 69
0.231579 0.014258 -0.009663 69
0.23112 0.01763 -0.007852 69
0.231738 5.81E-4 -0.010287 69
0.231584 -0.006 -0.009681 69
0.23361 -0.024827 -0.017693 69
0.231222 -0.020641 -0.008245 69
0.233015 -0.031015 -0.015335 69
0.231278 -0.108556 -0.008414 69
0.231458 -0.104555 -0.009135 69
0.232941 -0.125618 -0.015013 69
0.2335 -0.113481 -0.017244 69
0.234376 -0.253505 -0.010209 64
0.234087 -0.252495 -0.004319 64
-0.247239 0.215941 0.016053 168
-0.251023 0.216807 0.004684 168
-0.230331 -0.056596 -0.005345 76
-0.228802 -0.043776 1.76E-4 76
-0.230676 -0.06388 -0.006591 76
-0.228746 -0.067124 3.56E-4 76
-0.227553 -0.090058 0.003717 77
-0.227467 -0.102887 0.003955 77
-0.223388 -0.140303 0.015471 77
-0.22361 -0.138986 0.014844 77
-0.239504 -0.242846 0.009001 59
-0.238115 -0.237556 0.021932 59
-0.224731 0.07404 0.011902 75
-0.224606 0.077889 0.012218 75
-0.224007 0.068578 0.013717 75
-0.22346 0.008466 0.015452 76
-0.222324 0.017325 0.018158 76
-0.223406 -0.004672 0.015515 76
-0.227781 -0.073374 0.00308 77
-0.223177 -0.057331 0.016073 77
-0.227681 -0.076576 0.003361 77
0.171705 0.25503 0.011926 32
0.171498 0.257136 0.024265 32
0.174378 0.252173 0.006781 32
0.182913 -0.257599 0.003903 33
0.224909 0.118514 0.011549 80
0.222111 0.127924 0.018436 80
0.224315 0.116587 0.012998 80
0.229993 0.082493 -0.003738 78
0.224851 -0.005065 0.011637 169
0.224841 -0.005815 0.011661 169
0.225113 -0.015302 0.010998 169
0.228124 -0.256857 -0.004435 64
0.240548 0.184312 0.001603 170
0.245037 0.187415 -0.008037 170
0.243369 -0.232862 0.019218 82
0.240324 -0.246697 6.46E-4 82
0.242433 -0.23352 0.020439 82
0.232833 -0.239717 0.033534 82
-0.233224 -0.239964 0.029547 59
-0.219019 0.126275 0.025879 75
-0.217389 0.141194 0.02929 75
-0.160556 -0.256269 0.040443 33
-0.156873 -0.257459 0.050317 33
0.167116 -0.257049 0.032919 33
-0.205612 -0.08991 0.051471 84
-0.203547 -0.083338 0.054842 84
-0.202897 -0.106673 0.055909 84
-0.204366 -0.098526 0.053511 84
-0.203363 -0.112882 0.055148 84
-0.206778 -0.248281 0.065078 59
-0.209923 -0.246793 0.063759 59
-0.159744 0.256682 0.043075 32
-0.162009 0.254627 0.029668 32
-0.154482 0.25682 0.049837 32
-0.14965 0.257553 0.058854 32
0.194072 0.037396 0.06903 88
0.194175 0.038484 0.068875 88
0.194059 0.036424 0.069051 88
0.196692 -0.009779 0.065173 88
0.195084 -0.021195 0.067522 88
0.195465 -0.02601 0.066969 88
0.213705 -0.246491 0.060167 82
0.236656 0.21512 0.042548 72
0.224355 0.185867 0.044097 171
0.22471 0.184102 0.040967 171
-0.203814 0.056892 0.054494 87
-0.197127 -0.023289 0.064657 87
-0.19545 -0.01328 0.067086 87
-0.195641 -0.008015 0.066865 87
-0.196492 -6.14E-4 0.065687 87
-0.195861 -0.029625 0.066394 87
-0.197738 -0.05648 0.063742 84
-0.199149 -0.058038 0.061782 84
-0.193168 -0.128167 0.070105 84
-0.192862 -0.140081 0.070525 84
-0.203304 -0.246918 0.073574 59
-0.1203 -0.254327 0.076582 33
0.135298 0.255814 0.062813 32
0.148374 0.256389 0.051671 32
0.184432 0.122304 0.081492 93
0.188764 0.10641 0.075871 93
0.19072 -0.13974 0.073408 88
0.189817 -0.12814 0.074558 88
0.218129 -0.229598 0.070827 82
0.216712 -0.232221 0.072056 82
0.210588 -0.241314 0.070831 82
-0.194192 0.242143 0.090585 70
-0.205615 0.23688 0.081555 70
-0.201989 0.216647 0.095983 89
-0.199683 -0.244767 0.081349 59
-0.186655 0.247657 0.093578 70
-0.17828 0.116715 0.08837 92
-0.178546 0.107491 0.088057 92
-0.180746 0.095946 0.08563 92
-0.181476 0.090732 0.084814 92
-0.180388 0.079508 0.086029 92
-0.182103 0.004389 0.084192 92
-0.204487 -0.215497 0.093074 90
-0.198004 -0.245117 0.082972 59
-0.191114 -0.239766 0.096573 59
-0.178339 0.251038 0.095878 70
-0.111681 0.255293 0.086221 32
0.104984 -0.253307 0.088054 33
0.136228 -0.258804 0.072536 33
0.126686 -0.258151 0.077961 33
0.191466 -0.055656 0.072549 88
0.191705 -0.054244 0.072255 88
0.188725 -0.038543 0.075941 88
0.191274 -0.057712 0.072788 88
0.183503 0.121914 0.082523 93
0.185007 0.091181 0.08073 93
0.178094 0.081459 0.088562 88
-0.176814 0.216538 0.122446 89
-0.171415 0.140978 0.095749 92
-0.159961 -0.072409 0.106604 99
-0.160799 -0.079562 0.10583 99
-0.158726 -0.088991 0.107728 99
-0.18489 -0.239118 0.103629 59
-0.176913 -0.243965 0.107602 59
-0.155533 -0.039685 0.110675 99
-0.156035 -0.041427 0.110211 99
-0.158374 -0.055714 0.108065 99
-0.158493 -0.051761 0.107955 99
-0.158992 -0.067605 0.107495 99
-0.16324 -0.099619 0.103581 99
-0.144921 -0.122787 0.11904 99
-0.153315 -0.108933 0.112411 99
-0.143924 -0.125406 0.119825 99
-0.144841 -0.139774 0.119115 99
-0.105774 -0.257596 0.09648 33
-0.087592 -0.254777 0.097849 33
-0.078232 -0.25676 0.108475 33
-0.072534 -0.256881 0.111016 33
-0.06273 0.255891 0.11209 32
-0.066966 0.255885 0.110676 32
-0.065199 -0.25733 0.115035 33
-0.05864 0.256156 0.113805 32
0.087662 -0.258018 0.104455 33
0.103759 0.256552 0.092615 32
0.168521 0.257261 0.095849 172
0.168036 0.249852 0.110062 172
0.171718 0.247024 0.111631 172
0.143809 -0.043105 0.120045 95
0.18285 -0.249083 0.096307 82
0.187114 0.230311 0.109653 86
-0.161961 0.233133 0.130322 70
-0.161206 0.227252 0.132626 70
-0.185157 -0.214718 0.114224 173
-0.18293 -0.215187 0.116504 173
-0.159062 0.216285 0.137038 70
-0.154988 0.223738 0.137951 70
-0.141609 0.140139 0.121386 174
-0.148032 0.123566 0.116701 174
-0.143872 -0.004968 0.119955 99
-0.146871 0.247304 0.129982 105
-0.137088 0.2516 0.129507 105
-0.124271 0.254149 0.132988 105
-0.119472 0.255128 0.134289 105
-0.126393 0.088586 0.13169 102
-0.127253 0.077019 0.131205 102
-0.127523 -0.25656 0.128256 101
-0.114098 0.251723 0.142724 105
-0.130786 0.038594 0.1291 102
-0.130618 0.038069 0.1292 102
-0.126046 0.026288 0.131933 102
-0.12327 -0.02187 0.133737 102
-0.123148 -0.012102 0.133843 102
-0.126144 -0.002493 0.131982 102
-0.106982 -0.087653 0.14265 106
-0.109247 -0.086205 0.141401 106
-0.029181 -0.2551 0.11674 33
0.120295 0.13383 0.135556 95
0.11448 0.139661 0.138637 95
0.126849 0.104997 0.131368 95
0.127436 0.11279 0.131061 95
0.125838 0.12227 0.132032 95
0.124183 0.00965 0.133142 103
0.123042 -6.85E-4 0.133833 103
0.139871 -0.110877 0.122719 95
0.144273 -0.122287 0.119628 95
0.144369 -0.122776 0.119562 95
0.140982 -0.13883 0.121901 95
0.124559 0.013332 0.132914 103
0.15501 0.025748 0.110871 95
-0.147487 0.214203 0.144892 70
-0.132895 0.215184 0.154541 70
-0.14055 -0.219306 0.148774 100
-0.128287 -0.225184 0.155025 100
-0.11296 -0.067919 0.139409 106
-0.109086 -0.056987 0.14146 106
-0.108362 -0.083936 0.141919 106
-0.11834 -0.247522 0.147149 175
-0.113615 -0.248554 0.147799 175
-0.107553 -0.245603 0.154946 175
-0.106034 -0.021834 0.143089 106
0.090773 0.072768 0.149944 176
0.091612 0.084858 0.149626 176
0.090604 -0.090381 0.150139 177
0.09091 -0.079871 0.149976 177
0.092379 -0.078733 0.149298 177
0.094507 -0.116459 0.14833 177
0.092565 -0.109402 0.149127 177
0.096394 -0.130234 0.147618 177
0.101549 0.256714 0.143299 104
0.103351 0.10002 0.144398 178
0.10428 0.099263 0.143918 178
0.112831 0.04097 0.139695 108
0.108759 0.028934 0.141744 108
0.106608 0.020344 0.142851 107
0.109228 -0.056569 0.141326 179
0.10089 -0.064641 0.145561 179
0.105109 -0.049934 0.143404 179
0.096121 -0.076322 0.147665 177
0.096434 0.059542 0.1475 108
0.136465 -0.183518 0.13934 180
0.126492 -0.18434 0.146285 180
-0.055985 0.04358 0.161286 112
-0.071234 0.065221 0.156778 112
-0.057632 0.015374 0.16077 112
-0.053835 0.010816 0.161623 112
-0.054771 0.002561 0.161401 112
-0.066943 -0.025389 0.158249 112
-0.033378 -0.256013 0.163523 115
-0.009325 0.256006 0.166254 113
0.003341 -0.005463 0.1677 116
0.00168 0.009472 0.167769 116
-0.019066 -0.007593 0.166913 114
0.003362 0.012241 0.167808 116
-0.001097 0.025268 0.167901 116
0.014161 -0.024842 0.167291 116
0.011934 -0.018529 0.167346 116
0.010224 -0.249836 0.1741 115
0.002674 -0.250112 0.173589 115
0.00219 -0.245401 0.179442 115
0.018327 -0.250032 0.173416 115
0.027621 0.247217 0.175992 120
0.024578 0.247535 0.175798 120
0.034809 0.245881 0.176772 120
0.051463 -0.026175 0.162205 116
0.050345 -0.023246 0.162411 116
0.059446 -0.038063 0.160305 116
0.058032 -0.044496 0.160695 116
0.058821 -0.057121 0.160482 116
0.115513 0.21726 0.163907 120
0.112503 0.232059 0.162479 120
0.11512 -0.214095 0.164873 111
0.108661 -0.21452 0.167846 111
-0.067923 0.226919 0.180267 113
-0.057062 -0.220085 0.183277 100
-0.050286 -0.230822 0.182881 100
-0.007622 -0.233533 0.186243 115
0.030555 0.154869 0.199802 130
0.025568 0.154068 0.216879 130
0.038251 0.145256 0.207936 130
0.046462 0.129016 0.197288 181
0.045967 0.132179 0.199674 181
0.029596 -0.230824 0.186633 121
0.058922 -0.238042 0.178048 115
-0.037178 0.143865 0.215721 126
-0.037931 0.147362 0.199133 126
-0.047493 0.105184 0.196413 131
-0.048003 0.111285 0.209412 131
-0.047011 0.101322 0.200887 131
-0.046958 0.092693 0.222205 131
-0.047735 0.096939 0.226695 131
-0.04224 0.090945 0.200255 131
-0.043186 0.089061 0.210684 131
-0.029502 0.076595 0.195503 127
-0.027613 0.070163 0.206613 127
-0.026938 -0.066626 0.210085 127
-0.027079 -0.067281 0.208922 127
-0.024977 -0.072399 0.196165 127
-0.014361 0.163469 0.200861 182
-0.019693 0.157984 0.212835 182
-0.014422 0.158561 0.21782 182
-0.022964 -0.159866 0.200596 128
-0.020695 -0.159011 0.207062 128
0.014892 0.066842 0.196577 122
0.01317 -0.161394 0.207869 183
0.016811 -0.157373 0.217555 183
-0.047352 0.092025 0.227999 131
-0.028483 -0.058583 0.222536 127
-0.028535 -0.058881 0.222264 127
-0.046548 -0.115909 0.229165 134
-0.046816 -0.116148 0.22275 134
-0.046072 -0.124556 0.219498 134
0.037794 0.134194 0.234746 130
0.048567 0.10158 0.233703 132
0.047159 0.091363 0.230229 132
0.04792 0.090847 0.240814 132
0.0372 0.063321 0.231588 123
0.029549 0.056662 0.226023 123
0.037673 -0.135885 0.230946 125
0.040622 -0.135501 0.220276 125
-0.029105 0.124736 0.264129 126
-0.029613 0.128967 0.257025 126
-0.044046 0.068513 0.244679 131
-0.024506 0.033372 0.240703 127
-0.023661 0.023789 0.243379 127
-0.024896 0.017327 0.24622 127
-0.023726 0.005069 0.246895 127
-0.016447 -0.004739 0.243119 127
-0.016341 -0.005361 0.242939 127
-0.018188 -0.020557 0.240902 127
-0.046189 -0.109556 0.239116 134
-0.045762 -0.108593 0.243644 134
-0.02296 0.040188 0.235206 127
-0.017693 -0.02176 0.240184 127
-0.020502 -0.034698 0.236339 127
-0.020713 -0.038703 0.234084 127
-0.022473 -0.049047 0.228093 127
-0.005872 -0.153717 0.234851 128
-0.022855 -0.1374 0.253489 128
0.007006 0.003646 0.24073 129
0.01113 0.01373 0.240871 129
0.008868 0.019542 0.23875 129
0.014797 0.136057 0.261209 128
0.045432 0.115375 0.239117 132
0.047008 0.10889 0.235596 132
0.047423 0.083672 0.243165 132
0.046289 0.066956 0.251195 132
0.040476 0.054783 0.24337 129
0.031244 0.035313 0.243624 129
0.038163 -0.130038 0.239496 125
-0.029949 0.118146 0.270692 126
-0.04487 0.054445 0.257004 131
-0.04116 0.040893 0.253778 131
-0.045201 0.064523 0.251415 131
-0.04638 -0.082302 0.26703 134
-0.047193 -0.07429 0.268272 134
-0.046225 -0.101384 0.2512 134
0.024079 0.115614 0.279804 128
0.040613 0.105061 0.267254 132
0.039276 0.103168 0.272773 132
0.045185 -0.056512 0.256203 133
0.043167 -0.100516 0.267019 125
-0.031154 0.082755 0.299406 126
-0.030136 0.091923 0.294054 126
-0.043613 0.051354 0.295136 134
-0.046013 0.055805 0.285289 134
-0.042896 0.055802 0.295938 134
-0.045968 0.030921 0.295383 134
-0.045475 0.040581 0.29357 134
0.037658 0.094092 0.284051 132
0.046408 0.052771 0.262305 132
0.047055 0.046367 0.274236 132
0.047439 0.046595 0.28108 132
0.044031 0.048775 0.296317 125
0.04592 0.038361 0.291562 125
0.045794 0.030202 0.295566 125
0.04291 -0.059406 0.293848 125
0.042894 -0.061962 0.292335 125
0.039938 -0.101489 0.27189 125
-0.028579 0.075668 0.305539 126
-0.043271 0.02382 0.304741 134
-0.045032 0.02587 0.299262 134
-0.028757 -0.079435 0.304407 128
-0.028643 -0.072065 0.308292 128
-0.031286 -0.084397 0.298002 128
0.036725 0.060892 0.304857 125
0.041093 0.04938 0.301174 125
0.043933 0.023837 0.303983 125
0.04153 -0.030449 0.307028 125
0.042929 -0.04756 0.299394 125
0.044055 -0.049191 0.295218 125
-0.044811 0.017299 0.300549 134
-0.036311 -0.012056 0.316984 184
-0.040857 0.008483 0.311 184
-0.041007 0.010967 0.310709 184
-0.002307 0.053938 0.325533 128
0.003368 0.041302 0.329614 128
0.001801 0.033405 0.331208 128
0.025146 0.075888 0.308787 185
0.030731 0.074192 0.303933 185
0.035264 0.063364 0.305232 185
0.024935 0.069048 0.312374 185
0.037912 -0.03859 0.310005 125
0.037309 -0.031287 0.312495 125
0.041955 -0.041081 0.30394 125
0.108311 0.253922 -0.23014 32
-0.133331 -0.255746 -0.209173 33
-0.141654 -0.257714 -0.208592 33
-0.162888 -0.257056 -0.181744 33
0.191533 0.256056 -0.105335 32
0.191922 0.255661 -0.09166 32
-0.194546 -0.256149 -0.063266 33
-0.194705 -0.25627 -0.067557 33
-0.19229 -0.255494 -0.048576 33
-0.178947 -0.255341 0.001095 33
0.162925 -0.256919 0.038007 33
-0.116456 -0.251182 0.079849 33
0.142172 -0.257264 0.061968 33
-0.112106 -0.254477 0.082729 33
0.02944 0.257716 0.123343 32
-0.167435 0.256078 -0.166369 32
0.022083 -0.255949 -0.264728 33
0.02478 -0.255916 -0.264416 33
0.027768 -0.256009 -0.264166 33
0.064833 0.256797 -0.258388 32
0.058033 0.256938 -0.260664 32
-0.100474 -0.257636 -0.242705 33
0.079528 0.255247 -0.247689 32
0.077943 0.255232 -0.248311 32
0.090138 0.257329 -0.248275 32
0.109805 -0.256659 -0.235094 33
0.137009 0.255403 -0.209339 32
0.144317 -0.255398 -0.201471 33
0.165753 0.256586 -0.177379 32
0.186681 -0.255888 -0.128888 33
0.192101 0.255704 -0.089833 32
0.191053 0.254805 -0.059344 32
-0.183456 0.256377 -0.003038 32
-0.185428 0.25653 -0.008378 32
0.185675 0.255211 -0.025905 32
-0.179631 0.256651 0.006707 32
0.186207 -0.25764 -0.003296 33
0.16812 0.257177 0.029561 32
-0.150015 -0.25682 0.055984 33
-0.133576 0.254431 0.065689 32
-0.11318 -0.257199 0.089602 33
-0.037952 -0.255868 0.117981 33
0.050572 -0.257479 0.118132 33
-0.005428 -0.257763 0.126043 33
0.002482 -0.257745 0.125509 33
-0.148032 -0.222087 0.143089 100
2.498644 0.797634 0.589958
3.223403 0.816803 1.301772
0.012865 0.600572 0.012559
0.186582 0.779931 0.005537
1.125573 0.846728 0.173844
0.987089 0.834558 0.125152
0.003619 0.774118 0.0
0.023794 0.786608 1.27E-4
2.267627 0.821143 0.797508
0.034558 0.893701 0.041232
4.25275 0.821001 1.749678
0.970855 0.957479 1.700022
0.313831 0.894788 0.288348
0.136303 0.870592 0.090719
0.926424 0.984751 0.302311
0.56779 0.966527 0.20483
0.995265 0.847201 0.078175
0.196139 0.990242 0.011457
0.290035 0.988685 0.04873
2.51998 0.849275 1.509676
0.489781 0.929559 0.489391
0.595998 0.980146 0.326813
0.170178 0.414318 2.354593
0.060464 0.992254 0.003117
0.096615 0.765095 0.075578
4.083488 0.831352 2.151411
4.151671 0.830551 3.233991
7.847254 0.826364 7.310791
1.374766 0.958645 2.887601
0.908163 0.966172 0.945571
0.319887 0.945313 0.230268
0.590849 0.804003 0.047463
66.947375 0.922329 2076.204407
66.140397 0.922042 2192.18187
0.011645 0.183286 0.01147
0.964175 0.93227 1.288998
6.575976 0.832803 6.497656
0.350981 0.993098 0.03021
0.912895 0.79101 0.181014
0.722668 0.802347 0.056467
0.194736 0.986547 0.013359
1.133183 0.963092 1.594552
1.538791 0.87336 0.366886
0.718458 0.782495 0.098086
3.28224 0.815949 1.309341
0.438992 0.837941 0.014393
0.147459 0.812702 0.118006
0.299643 0.988667 0.068451
0.078323 0.953685 0.004566
0.101796 0.994565 0.004682
0.034462 0.986773 8.45E-4
1.337355 0.927506 2.560949
0.142833 0.976137 0.010511
0.708726 0.945969 0.574617
0.144451 0.759827 0.108879
0.163613 0.911103 0.068916
2.323782 0.828027 0.48137
0.004829 0.784589 0.002795
0.328545 0.983118 0.10077
6.443352 0.824805 4.823587
0.623699 0.955331 0.534268
0.172797 0.880104 0.138094
0.332817 0.992769 0.027695
0.235441 0.991566 0.021007
2.905725 0.831554 1.138257
0.226902 0.9817 0.021438
0.027786 0.52024 0.028654
6.8E-4 0.713129 5.9E-5
0.206068 0.986444 0.030478
1.213849 0.989723 0.646646
7.748264 0.825249 8.870033
0.44631 0.860673 0.457936
1.945574 0.782177 0.400048
0.028661 0.908259 0.074982
0.002452 0.973766 5.77E-4
0.451509 0.961394 0.363057
0.516905 0.969247 0.294415
0.378117 0.887747 0.339769
0.025111 0.987392 4.77E-4
0.238818 0.784828 0.014331
0.196166 0.915239 0.121387
0.080987 0.698414 0.053105
4.261108 0.834893 2.347337
0.159594 0.973017 0.014561
0.651709 0.955564 0.693492
0.063212 0.410552 0.061383
3.069508 0.809122 0.976968
0.404174 0.960679 0.162316
1.057998 0.969701 1.412162
1.443561 0.780874 0.369768
0.557577 0.769349 0.073051
0.075315 0.67866 0.048323
0.66344 0.948048 0.614278
0.277921 0.911323 0.25277
0.012911 0.70382 0.01139
1.322309 0.945379 3.215794
0.095446 0.994321 0.011982
0.007879 0.778761 3.0E-6
3.33E-4 0.869793 1.0E-5
0.661213 0.954909 0.693561
3.697017 0.800637 1.607041
0.669866 0.84511 0.080467
0.72488 0.937143 0.724577
0.116909 0.958016 0.015099
2.108475 0.82744 0.364725
1.622362 0.879935 0.256591
0.578681 0.931239 0.697939
0.31044 0.986146 0.062508
0.171496 0.98735 0.016599
1.558934 0.861927 0.249431
0.105978 0.797632 7.33E-4
0.773157 0.790478 0.100232
0.445124 0.942856 0.453838
3.028889 0.803418 0.637843
0.210842 0.857797 0.17563
2.907035 0.852214 1.2104
0.977563 0.933147 1.912159
0.926118 0.809973 0.097255
0.028633 0.413389 0.05778
0.032968 0.794972 2.09E-4
3.797497 0.8232 1.579243
0.616853 0.754414 0.053577
1.159543 0.333283 0.413002
1.22088 0.517578 0.392172
0.378142 0.870269 0.120822
7.216161 0.825199 13.228599
3.651163 0.740953 1.363302
4.711252 0.427272 6.453474
12.258904 0.702173 23.516045
3.96922 0.402048 3.098819
1.588118 0.800735 0.802686
3.064535 0.838489 3.514202
3.588436 0.876263 0.854193
3.269713 0.790615 2.433611
5.628955 0.896994 6.527635
0.593562 0.670188 0.033405
0.003655 0.911377 0.001243
0.091994 0.742101 0.644414
0.077944 0.513862 0.068019
0.252326 0.989912 0.030502
0.157446 0.753209 0.004521
1.349408 0.863027 0.132904
0.056941 0.723399 0.025014
0.044106 0.527332 0.023698
0.089343 0.613692 0.094912
0.423791 0.794203 0.019858
0.54553 0.798887 0.027135
1.035923 0.868847 0.100151
0.043998 0.501437 0.028163
0.054847 0.483758 0.042956
0.24498 0.942936 0.134009
0.111835 0.797943 0.083141
0.08072 0.984127 0.005184
0.017354 0.634751 0.021458
0.128333 0.739842 0.130511
0.047741 0.991344 0.001086
0.006261 0.304368 7.51E-4
0.021122 0.323353 0.049422
0.050187 0.459152 0.332747
0.191903 0.986948 0.017392
0.938706 0.856545 0.077733
0.030849 0.367264 0.069212
0.081415 0.885551 0.020121
0.009462 0.635179 0.012114
0.361456 0.768236 0.02912
0.162015 0.980158 0.028687
0.139226 0.776347 0.109947
0.064527 0.513986 0.068152
0.28444 0.784418 0.010582
0.043388 0.998509 9.8E-5
0.063163 0.718764 0.18524
0.018502 0.927681 0.017721
0.488131 0.856757 0.015374
0.074154 0.785499 5.15E-4
0.074852 0.660766 0.049464
0.339775 0.859143 0.016582
0.053882 0.932172 0.002936
0.248048 0.87642 0.253561
0.005488 0.988476 1.45E-4
0.08465 0.957011 0.007661
0.044904 0.547574 0.236855
0.086346 0.913649 0.00614
0.479643 0.80028 0.147129
0.244545 0.784078 0.030036
0.548356 0.791594 0.039811
0.746028 0.734689 0.039433
0 1 0
1 2 1
3 4 6
4 5 7
6 7 13
8 9 20
10 11 24
12 13 27
13 14 28
15 16 29
14 17 35
17 18 36
18 19 43
19 20 44
21 22 52
23 24 68
25 26 75
27 28 79
28 29 80
30 31 87
32 33 93
33 34 94
35 0 95
36 37 123
38 39 130
40 41 140
41 42 141
43 44 142
44 45 143
43 46 145
47 48 156
48 49 157
47 50 159
51 52 163
53 54 186
54 55 187
55 56 188
56 57 189
58 59 192
60 59 195
61 62 205
63 64 210
65 66 215
67 66 216
68 69 220
69 70 221
63 71 223
72 70 244
73 74 252
75 76 261
76 77 262
78 79 267
79 80 268
81 82 269
82 83 270
84 85 273
85 74 274
86 87 276
86 88 278
89 90 282
90 91 283
92 93 292
93 94 293
95 94 295
96 84 303
97 98 306
99 100 314
100 29 315
101 102 333
102 103 334
104 105 343
32 106 353
106 103 354
107 108 371
108 109 372
110 111 379
111 112 380
113 114 381
114 115 382
113 116 383
116 117 384
118 119 405
120 121 407
121 122 408
123 124 410
125 126 412
126 123 413
127 128 426
128 129 427
120 129 431
130 131 432
132 133 464
134 135 466
136 137 469
138 139 475
138 140 481
141 142 488
141 143 490
144 145 492
145 146 493
147 148 506
148 149 507
150 151 508
151 147 509
152 150 510
153 154 520
154 155 521
153 156 522
156 157 523
158 159 524
159 155 525
160 161 526
161 149 527
162 163 725
164 165 726
166 133 735
167 168 736
169 168 738
170 171 754
171 172 756
172 173 757
162 173 758
174 175 760
176 177 777
178 179 780
179 180 781
181 182 802
183 184 812
184 185 813
185 186 814
186 187 815
187 188 816
188 189 817
181 190 819
191 192 822
192 193 823
193 194 840
194 195 841
196 197 884
197 198 885
199 200 926
200 201 927
202 203 978
203 204 979
205 206 980
206 202 981
204 207 982
207 208 983
208 209 984
209 210 985
211 212 994
213 214 1016
214 176 1017
215 216 1018
217 216 1020
218 219 1034
219 178 1035
220 221 1039
222 223 1040
223 224 1041
225 226 1042
226 224 1043
227 225 1045
228 229 1050
229 230 1051
231 232 1163
233 232 1170
234 235 1172
236 237 1186
237 238 1187
239 240 1192
241 242 1194
242 235 1195
243 244 1200
244 245 1201
246 247 1216
247 248 1217
249 250 1218
250 246 1219
249 251 1220
251 252 1221
253 254 1271
255 256 1324
256 257 1325
258 259 1365
260 261 1373
262 263 1374
263 245 1375
264 265 1381
266 267 1382
267 268 1383
269 270 1391
271 272 1392
272 270 1393
273 274 1409
275 276 1410
276 274 1411
277 278 1453
279 280 1516
280 281 1517
281 282 1518
282 283 1519
284 285 1520
286 287 1522
287 284 1523
288 289 1527
289 290 1528
290 291 1529
291 292 1530
292 293 1531
293 294 1542
294 295 1543
296 297 1555
298 299 1560
300 301 1566
301 302 1567
264 303 1569
304 305 1579
306 307 1582
307 308 1583
309 310 1587
311 312 1588
312 310 1589
313 314 1591
315 314 1593
316 317 1626
317 318 1627
319 320 1628
321 322 1678
323 324 1679
324 325 1680
326 327 1683
328 329 1693
329 330 1694
331 298 1700
332 333 1705
333 334 1706
335 336 1716
337 338 1730
339 338 1731
340 341 1741
341 342 1742
343 344 1769
344 316 1770
345 346 1811
346 347 1812
345 348 1814
349 350 1815
351 352 1825
352 353 1826
354 355 1827
356 357 1836
357 358 1837
359 360 1846
330 361 1848
362 363 1853
364 365 1874
365 366 1875
367 368 1880
369 370 1882
370 368 1883
371 372 1932
372 373 1933
374 375 1941
376 377 1942
377 378 1943
379 380 1946
380 381 1947
382 383 1955
384 385 1961
386 387 1964
387 388 1965
389 390 2015
391 392 2041
393 394 2042
394 395 2043
396 397 2105
398 399 2108
399 400 2109
400 401 2110
401 402 2111
402 403 2112
403 404 2113
405 406 2114
406 407 2115
407 408 2116
408 409 2117
410 397 2122
411 412 2128
412 413 2129
414 415 2134
415 416 2135
417 418 2136
418 416 2137
386 419 2138
420 421 2141
422 423 2154
423 424 2155
425 426 2156
426 422 2157
427 419 2164
428 429 2214
429 430 2215
430 431 2216
431 432 2217
411 433 2233
414 434 2238
435 434 2241
436 437 2306
437 438 2307
438 439 2308
439 440 2309
441 440 2311
442 443 2318
443 444 2319
445 446 2333
447 448 2337
448 449 2338
435 450 2347
451 452 2355
453 454 2417
454 455 2418
456 457 2442
458 459 2445
456 460 2447
461 462 2449
463 464 2463
464 465 2464
466 467 2465
467 463 2466
466 468 2468
469 470 2475
470 471 2476
472 473 2589
473 474 2590
474 475 2592
457 476 2603
476 477 2604
478 479 2617
479 480 2618
481 482 2627
482 483 2628
484 485 2631
485 486 2632
487 488 2633
488 489 2634
490 491 2695
492 493 2697
493 494 2698
492 495 2699
495 496 2700
497 498 2701
498 496 2702
499 500 2707
500 501 2708
502 503 2709
478 504 2712
505 506 2714
507 508 2739
507 509 2741
509 510 2742
511 512 2743
512 513 2744
514 515 2745
514 516 2747
516 517 2748
518 519 2749
519 520 2750
521 522 2782
523 524 2819
525 526 2833
526 499 2834
527 528 2846
529 530 2851
531 532 2861
532 508 2862
533 534 2875
533 535 2877
536 537 2963
537 538 2964
539 540 2969
541 542 2972
543 544 2973
544 545 2974
545 546 2978
525 543 2981
529 547 2984
547 548 2985
549 550 2998
549 551 3002
552 553 3007
554 552 3009
555 556 3012
557 558 3025
559 558 3026
560 561 3028
562 563 3073
564 565 3139
566 567 3144
567 568 3145
548 569 3162
569 570 3163
571 572 3165
550 573 3175
574 575 3184
575 576 3185
577 578 3186
578 574 3187
579 580 3193
581 582 3222
582 583 3223
584 585 3226
585 586 3227
587 588 3300
588 589 3301
590 591 3306
591 592 3307
592 593 3309
594 595 3315
596 597 3318
597 568 3319
598 599 3322
600 601 3329
602 603 3332
603 604 3333
605 606 3340
606 607 3341
608 609 3359
610 611 3360
611 612 3361
612 613 3362
613 614 3363
614 615 3364
615 616 3365
616 617 3366
617 618 3367
619 620 3464
620 621 3465
622 623 3471
624 625 3482
625 595 3483
626 627 3484
627 596 3485
628 629 3496
622 630 3499
631 630 3500
632 593 3510
632 633 3512
633 634 3513
635 636 3534
636 637 3535
638 639 3536
640 641 3544
642 643 3674
643 644 3675
645 646 3742
646 647 3743
648 649 3762
649 650 3763
651 652 3764
652 645 3765
653 654 3786
654 655 3787
656 657 3788
657 658 3789
659 660 3793
659 661 3794
662 663 3813
664 665 3819
665 666 3820
667 668 3821
669 670 3824
671 672 3837
672 673 3838
674 675 3845
676 677 3851
677 678 3852
679 680 3855
681 682 3883
682 683 3884
684 685 3885
685 686 3886
687 688 4035
689 690 4051
690 691 4053
691 692 4054
693 694 4057
694 695 4058
696 697 4059
697 693 4060
698 699 4061
699 696 4062
700 701 4067
702 703 4069
703 704 4070
705 653 4072
658 706 4073
706 707 4074
708 709 4075
709 707 4076
710 711 4110
710 712 4111
712 713 4112
713 714 4114
715 716 4126
717 711 4130
718 719 4133
719 720 4134
721 722 4137
722 723 4138
724 725 4139
725 721 4140
726 727 4195
727 728 4196
729 730 4208
731 732 4211
732 733 4212
734 735 4213
735 731 4214
734 736 4215
736 728 4216
737 738 4223
738 739 4224
740 741 4226
742 743 4237
743 701 4238
744 745 4241
746 747 4251
747 748 4252
749 750 4254
751 752 4260
752 750 4261
753 754 4262
755 756 4268
756 757 4269
758 759 4274
759 757 4275
760 761 4296
761 762 4297
763 764 4299
765 766 4307
767 768 4314
767 769 4316
769 770 4317
771 770 4329
772 773 4333
774 775 4349
776 777 4352
778 779 4354
779 780 4355
781 780 4367
782 783 4375
783 784 4376
784 785 4377
785 786 4378
786 787 4379
788 789 4401
790 791 4404
788 792 4409
742 741 4411
746 793 4421
793 794 4422
795 796 4423
795 797 4426
798 799 4434
800 801 4437
801 802 4438
803 804 4445
804 805 4446
806 798 4447
807 802 4449
808 809 4481
810 811 4508
812 813 4514
814 815 4530
815 812 4531
814 816 4540
816 817 4541
817 818 4546
818 819 4547
820 789 4551
821 822 4558
822 823 4559
824 825 4564
826 827 4572
828 829 4576
829 830 4577
831 832 4579
831 833 4580
834 835 4588
835 836 4589
837 838 4594
839 840 4601
841 842 4602
842 821 4603
843 844 4604
844 845 4605
846 845 4606
843 847 4608
847 848 4609
849 850 4614
850 851 4615
852 853 4618
853 854 4619
855 856 4622
856 832 4623
857 858 4626
858 859 4627
860 861 4636
861 836 4637
862 863 4640
863 864 4641
841 865 4643
839 866 4646
866 867 4647
868 869 4648
869 870 4649
871 872 4650
872 873 4651
871 874 4652
874 846 4653
875 876 4659
877 878 4670
878 879 4671
880 877 4673
881 882 4679
883 884 4681
885 886 4682
886 887 4683
888 889 4689
889 890 4690
891 892 4693
892 893 4694
894 895 4699
895 896 4700
897 898 4703
898 899 4704
900 901 4705
901 899 4706
900 902 4707
902 903 4708
904 905 4709
905 903 4710
906 907 4713
907 908 4714
909 910 4715
910 906 4716
911 912 4723
911 913 4726
881 914 4727
914 915 4729
915 884 4730
916 917 4731
917 918 4732
919 920 4735
920 921 4736
890 922 4739
922 923 4740
924 925 4749
925 926 4750
927 928 4762
929 930 4767
930 931 4768
931 928 4769
932 933 4771
933 934 4772
935 936 4777
936 937 4778
938 939 4779
939 935 4780
940 941 4783
942 943 4791
943 944 4792
945 946 4793
946 927 4794
947 948 4796
949 950 4805
950 947 4806
951 952 4807
952 953 4808
953 954 4809
954 955 4810
949 956 4811
956 955 4812
957 958 4865
958 959 4866
957 960 4867
960 961 4868
962 963 4871
963 198 4872
964 965 4895
966 967 4906
967 968 4907
969 970 4910
970 971 4911
972 973 4918
973 974 4919
342 975 4948
975 976 4949
977 978 4957
979 980 4958
981 982 4983
392 983 4984
984 985 4989
986 390 4993
987 988 5002
988 984 5003
989 990 5005
991 992 5008
992 993 5009
994 995 5024
989 986 5025
995 996 5038
997 998 5052
998 999 5053
1000 1001 5060
1001 1002 5061
1003 1004 5064
1004 1005 5065
1006 1007 5085
1007 1008 5086
1009 1010 5091
1010 1006 5092
1011 1012 5103
1013 1014 5121
1014 1015 5122
1016 1017 5139
1017 1018 5140
1019 1020 5157
1020 1021 5158
1022 1023 5165
1023 1024 5166
1025 1026 5168
1026 1027 5171
1028 1029 5173
1030 1031 5182
1032 1033 5195
1034 1035 5202
1035 1036 5203
1037 1038 5208
1038 1034 5209
1039 1040 5216
1040 1037 5217
1041 1042 5224
1043 1044 5226
1044 1039 5227
1045 1046 5236
1046 1047 5237
1048 1049 5238
1050 1051 5246
1051 1047 5247
1052 1053 5348
1054 977 5353
1055 1011 5404
1056 1057 5413
2 1058 5420
1058 9 5421
16 1059 5444
1059 1060 5445
20 1061 5458
1061 1062 5459
1063 1064 5470
1062 1065 5478
1065 1066 5479
1067 22 5483
1066 1068 5492
1068 1069 5493
21 1070 5497
1071 1072 5508
1072 88 5509
1073 23 5511
1074 1075 5515
27 1076 5518
1077 1078 5526
1079 1080 5530
1080 1078 5531
35 1079 5532
40 1081 5539
1081 1082 5540
45 1083 5543
1083 42 5544
1084 1085 5546
1086 1087 5549
1087 1088 5550
1085 1089 5551
1089 1086 5552
37 1090 5553
1090 1088 5554
110 1091 5559
1091 1092 5560
117 39 5561
1093 1094 5569
15 1095 5589
53 1096 5603
1097 1098 5610
1099 1100 5619
1100 1101 5620
1098 1102 5627
1102 57 5628
1103 1104 5643
1104 1105 5644
1105 1106 5645
1106 1107 5646
1107 1108 5647
1108 1109 5648
1110 1109 5649
1111 1112 5653
1111 1113 5655
1113 62 5656
64 1114 5657
1114 1115 5658
1115 1116 5659
1116 1117 5660
1117 1118 5661
1118 1119 5662
1067 1120 5669
68 1121 5681
1121 71 5682
75 1122 5697
1122 1123 5698
1123 1124 5699
1125 92 5724
78 1126 5731
1126 83 5732
1127 1128 5733
1128 81 5734
87 1129 5739
1130 1131 5745
1131 91 5746
1130 1132 5747
1132 118 5748
1133 1134 5767
1134 1135 5768
99 1136 5776
132 1136 5777
1137 1138 5787
1139 1140 5792
1140 1141 5793
1142 1143 5795
143 1144 5803
1144 101 5804
1145 1146 5806
1147 1148 5808
105 1149 5822
107 1150 5836
34 1151 5860
1092 36 5866
112 1152 5867
1152 115 5868
52 1153 5869
1153 1151 5870
1129 1154 5902
1154 1135 5903
1155 1156 5906
1156 125 5907
1157 1155 5909
1133 1158 5918
1158 1159 5919
127 119 5924
1160 1161 5932
1161 1159 5933
1160 1162 5956
1162 1163 5957
167 1164 5959
135 1164 5960
180 1165 5978
1165 146 5979
142 1166 5988
1166 230 5989
1167 1168 5991
157 1169 5992
1170 1169 5997
1171 1172 6008
1172 189 6009
1173 1174 6012
1174 1171 6013
190 1175 6018
1175 1173 6019
1176 1177 6020
1168 1178 6030
1178 1145 6031
1179 1180 6032
1180 158 6033
160 1181 6034
1181 1179 6035
1182 1183 6061
1183 196 6062
959 1184 6063
1184 195 6064
1185 1186 6102
1186 1187 6103
961 1188 6104
1188 1185 6105
1189 1190 6146
1190 962 6147
1191 1192 6149
1193 1194 6176
1194 1189 6177
1191 1195 6179
1196 1197 6214
1197 1192 6215
163 1198 6255
1198 164 6256
174 1199 6260
1199 1200 6261
1200 1201 6262
1202 1203 6269
1203 1204 6270
1202 1205 6272
1206 1207 6280
1207 1208 6281
1208 1209 6282
1209 1210 6283
1210 175 6284
1211 1212 6289
1212 1213 6290
205 1214 6291
1214 1211 6292
1215 1216 6300
1216 1217 6301
1217 139 6302
152 183 6324
182 1218 6341
1218 1219 6342
968 1220 6357
1220 191 6358
1182 1221 6395
1221 1222 6396
201 1223 6587
1223 1224 6588
1225 1226 6621
1226 1224 6622
1227 1228 6623
1228 1225 6624
169 1229 6633
1229 212 6634
1213 1205 6635
170 210 6637
1230 1231 6645
1231 1232 6646
1215 217 6648
211 233 6650
1233 1234 6651
239 215 6682
1235 1236 6683
1236 243 6684
1237 1238 6690
273 252 6706
1239 1240 6725
1240 1241 6726
1242 1243 6729
1243 222 6730
971 254 6752
1244 1245 6852
1245 1246 6853
1247 1248 6880
1249 1250 6899
1250 1251 6900
1251 1252 6901
1252 1253 6902
1253 1254 6903
1254 236 6904
261 1255 6920
1256 218 6923
1256 268 6927
227 248 6945
1257 1258 6957
1259 1239 6962
1053 1260 6970
1260 278 6971
1261 277 6974
1262 1263 7054
1263 255 7055
1264 1265 7056
1265 1246 7057
1266 1267 7084
1267 1268 7085
231 1269 7086
1269 1268 7087
1270 1271 7090
1271 283 7091
1272 1273 7092
1273 1270 7093
1272 1274 7096
1274 286 7097
1275 1276 7106
1276 1277 7107
1277 1278 7110
1278 1279 7111
1279 1280 7112
1280 1281 7113
240 1282 7115
1282 1283 7116
1283 1284 7121
332 303 7126
1285 1286 7131
1286 302 7132
275 1287 7145
309 1288 7147
1287 1288 7148
313 271 7151
1289 1290 7152
1289 1291 7167
1291 1292 7168
1052 319 7176
1293 1294 7253
1294 1295 7254
1296 1266 7291
295 1297 7296
1297 1298 7297
1299 285 7311
1299 1300 7312
1300 1301 7313
1302 1301 7314
1303 1304 7320
1305 1306 7329
266 265 7337
1307 1308 7349
1308 311 7350
1309 1307 7352
980 1310 7455
1310 1311 7456
1312 978 7458
325 1313 7497
1313 321 7498
323 1314 7499
1314 1315 7500
1316 1315 7502
297 1317 7509
1317 1318 7510
1318 1319 7511
1319 360 7512
328 1320 7515
1320 259 7516
1321 1322 7521
362 334 7526
300 1323 7527
1323 1324 7528
1325 1326 7533
1326 1327 7534
1328 1329 7535
1330 336 7538
1331 1332 7543
1332 364 7544
1333 1334 7550
1335 1336 7582
1337 1336 7583
1054 1338 7626
1339 1340 7650
1340 1341 7651
1341 1342 7652
1343 1344 7655
1344 351 7656
349 1345 7667
1345 1346 7668
1347 1346 7669
1343 1348 7673
1348 354 7674
371 355 7677
356 348 7687
1349 361 7698
1350 1351 7703
1351 1321 7704
382 1350 7706
1352 363 7708
388 1324 7712
1353 1329 7714
1354 1355 7715
1354 1356 7717
1356 1328 7718
1334 1357 7725
1357 366 7726
343 983 7747
391 389 7750
1338 1358 7783
1358 393 7784
1359 1360 7819
1360 1342 7820
373 1361 7829
1361 1362 7830
1363 375 7832
1363 404 7833
1364 1365 7839
1365 405 7840
1366 1367 7847
1367 378 7848
1349 1368 7855
1368 410 7856
413 421 7861
1352 420 7863
1369 1370 7872
1370 1371 7875
1371 1372 7876
1362 1373 7994
1373 398 7995
1364 1374 8000
1375 1376 8008
1376 409 8009
1377 376 8013
1378 1379 8017
1380 1381 8029
1382 1383 8032
1383 1384 8033
1385 1386 8042
1387 1388 8054
1388 1389 8055
1390 1391 8056
1391 1389 8057
424 1392 8070
1393 1394 8072
1394 425 8073
1395 1396 8074
1396 1393 8075
1395 1397 8076
1397 1398 8077
1399 1398 8079
427 1400 8082
1400 1401 8083
1402 1403 8156
1403 1404 8157
396 1405 8158
1405 1402 8159
1406 1407 8173
1406 1408 8175
1408 442 8176
1409 1410 8181
1410 1411 8183
1411 1412 8184
1384 1413 8193
1413 446 8194
449 433 8198
1414 1415 8201
1416 1417 8207
1417 1418 8208
1419 1420 8216
1420 1421 8217
1421 1422 8218
1423 1422 8220
1424 1425 8231
1425 1426 8232
1399 1424 8233
1427 1428 8237
1428 1426 8238
1429 1401 8239
1430 1431 8247
1431 987 8248
1432 1433 8283
1433 1434 8284
1435 1436 8321
1436 991 8322
1404 1437 8331
1437 455 8332
1438 1439 8341
1439 1440 8342
1438 1441 8345
1441 436 8346
1442 1443 8356
1412 1444 8359
1445 1446 8363
1418 1447 8367
1447 1448 8368
1449 447 8370
1450 450 8378
1451 451 8384
994 1430 8405
1452 1000 8434
1453 1454 8482
1454 1435 8483
445 460 8523
480 1455 8525
1456 1457 8533
1450 1458 8536
1458 481 8537
1455 1459 8538
1459 1448 8539
484 1460 8542
1460 1461 8543
1462 1463 8558
1463 1464 8559
471 1465 8568
1465 996 8569
1003 1466 8678
1466 1453 8679
1467 1468 8680
453 1468 8687
1469 1470 8688
1469 1471 8690
1471 472 8691
1472 1473 8720
1473 483 8721
1474 1475 8726
1475 486 8727
1474 1476 8728
1476 1477 8729
489 1478 8730
1478 1477 8731
1464 1479 8736
1480 1481 8745
1481 1482 8746
1480 1483 8749
1484 1485 8787
1485 997 8788
1486 1487 8823
1487 1005 8824
1467 1488 8827
1489 1490 8840
1491 1492 8843
1492 490 8844
1493 1494 8845
1494 1491 8846
1495 1496 8847
1496 1493 8848
1495 1497 8849
1497 1498 8850
1499 1500 8851
1500 1498 8852
1499 1501 8853
1501 494 8854
1502 1503 8855
1503 497 8856
1504 1505 8857
1505 1502 8858
477 1506 8861
1506 1507 8862
1508 1509 8874
1510 1511 8896
1510 1512 8897
1512 1513 8898
1514 1515 8899
1515 518 8900
1516 1517 8901
1517 520 8902
1472 1518 8905
1518 1519 8906
1520 1521 8911
1521 510 8912
1520 1522 8913
1523 1524 8917
1524 513 8918
1523 1525 8921
517 1511 8924
1526 1527 8927
1526 1528 8928
1528 1514 8929
1529 1530 8953
1529 1531 8954
1531 522 8956
1055 1532 8999
1533 1534 9004
1534 536 9005
1535 1533 9009
1536 523 9013
1537 1538 9022
1538 1539 9023
1540 1507 9046
1541 1542 9050
1543 1544 9057
1543 1545 9059
1545 1546 9060
1519 1547 9071
1547 551 9072
531 1548 9077
1548 1549 9078
560 555 9094
1009 1550 9163
1550 1551 9164
1552 1012 9232
1553 1554 9293
1554 561 9294
1555 1556 9295
1556 1553 9296
1555 1557 9297
1557 579 9298
1558 1559 9304
1560 1561 9318
1560 1562 9364
1562 1563 9365
1564 1565 9460
1565 631 9461
1564 1566 9462
1566 587 9463
589 1567 9464
1567 1568 9465
1568 1569 9466
542 1570 9478
541 1546 9480
546 1571 9482
1572 1573 9485
571 570 9494
576 1574 9510
1575 1576 9516
1576 1577 9517
1578 1577 9518
1578 577 9520
1579 1575 9522
559 1580 9523
1581 1580 9526
580 1582 9527
1582 1583 9528
1584 1558 9533
581 1585 9596
1586 562 9618
1013 1587 9641
1587 563 9642
1588 1589 9662
1590 1591 9667
1591 634 9668
598 1592 9677
1592 1593 9678
1593 1594 9679
1594 594 9680
1595 1596 9681
1596 572 9682
600 1597 9685
1597 635 9686
1584 1598 9690
1599 1595 9692
608 1600 9693
1600 1601 9694
1601 1602 9695
1602 1603 9696
1603 1604 9697
1604 610 9698
618 1605 9705
602 1606 9721
1598 1607 9723
1607 1608 9724
1599 1609 9728
1022 1610 9740
1610 586 9741
1032 1611 9851
1612 1613 9852
1613 1033 9853
1614 1615 9862
1615 1616 9863
1614 1617 9866
662 626 9877
1588 1618 9878
1618 621 9879
1589 1619 9880
1619 628 9881
1620 623 9885
1609 641 9892
637 1621 9894
1621 668 9895
1622 609 9900
1623 1624 9916
1624 1625 9917
1608 1626 9926
1626 1627 9927
671 1628 9936
1629 1628 9939
1630 1631 9940
1631 1629 9941
1630 1632 9942
1632 1623 9943
1625 1633 9944
1633 674 9945
1634 1635 9946
1635 675 9947
1634 1636 9948
1636 1637 9949
1638 1639 9984
1028 1640 10023
1640 1641 10024
1642 1643 10025
1643 1027 10026
1641 1644 10049
1644 642 10050
1642 1645 10051
1645 1036 10052
1048 1030 10065
650 1646 10152
1646 1056 10153
651 1647 10154
1647 1021 10155
1648 1649 10178
1649 1650 10179
708 1651 10201
1652 624 10211
663 1653 10212
1653 704 10213
640 1654 10237
1655 1654 10239
1656 1657 10241
1658 1659 10244
1659 1655 10245
1660 1661 10248
673 1662 10258
1663 1664 10269
1664 1665 10270
1665 1666 10271
1667 714 10279
1667 1668 10280
1668 683 10281
679 1669 10289
1666 1670 10293
1670 716 10294
681 1671 10297
1671 1672 10298
686 1673 10299
1673 1672 10300
1674 1675 10301
1675 1676 10302
1676 684 10303
1677 1678 10305
1042 1679 10352
647 1031 10460
1680 1681 10480
1682 1683 10482
1683 1684 10483
1680 1684 10484
689 1682 10486
1685 1686 10490
695 1651 10498
698 1687 10502
1687 1688 10503
1688 1689 10506
1689 1690 10507
749 739 10508
705 692 10515
1685 1691 10520
1691 687 10521
656 1692 10530
1692 655 10531
1693 1658 10545
1693 1694 10546
1694 754 10547
1695 1696 10552
1696 755 10553
1697 1698 10568
1698 720 10569
1697 1699 10570
1699 1678 10571
1700 1701 10576
1701 1702 10577
1703 718 10588
1677 723 10592
1704 1705 10646
1706 1707 10657
1708 1707 10658
1709 1710 10661
1706 1710 10662
1709 1711 10666
740 1712 10672
1713 1714 10676
1715 1716 10680
733 1717 10682
1718 1719 10684
1720 1718 10687
1708 1721 10690
1722 730 10698
1715 729 10699
1723 1724 10704
1725 1726 10736
1725 762 10748
760 1727 10750
1727 1728 10751
763 1729 10752
1729 1728 10753
1730 764 10754
1731 773 10778
1732 766 10779
1733 1734 10784
1735 768 10787
1734 1736 10793
1736 1737 10794
1738 1739 10799
1740 1741 10801
1741 1742 10802
1740 1743 10803
1743 778 10804
1744 1745 10805
1745 808 10806
1744 1746 10808
1737 775 10811
776 1738 10812
1747 1748 10834
787 1748 10860
1749 1750 10862
1750 1751 10863
1747 1749 10866
819 1752 10885
1752 1753 10886
794 1754 10901
1754 1755 10902
796 1756 10905
1756 800 10906
758 799 10910
806 1757 10912
1757 1758 10952
772 1759 10988
1759 1742 10990
1760 1761 11007
1761 1762 11008
1762 849 11014
1763 1764 11015
811 1765 11032
781 1766 11038
833 1767 11043
1767 1768 11044
1769 1770 11047
1770 1771 11048
1772 1773 11050
1771 1774 11051
1774 1775 11052
1776 1777 11055
1777 834 11056
1778 1779 11061
1779 1780 11062
1781 1782 11071
1782 1783 11072
1784 1785 11073
1785 837 11074
1786 823 11079
1787 1788 11084
852 825 11096
1772 1775 11107
859 1789 11109
1789 1773 11110
1790 1791 11115
1791 1778 11116
1792 1793 11121
1793 1794 11122
851 1795 11137
1796 1797 11141
1797 1798 11142
854 1799 11143
1799 1800 11144
1801 1802 11154
1802 828 11155
1803 1804 11156
1804 855 11157
857 1805 11164
1806 1807 11166
1807 1808 11167
1808 1809 11168
1809 1810 11169
1810 1811 11170
1811 1812 11171
1792 1813 11185
1813 1814 11186
860 1815 11191
1815 1806 11192
1812 1816 11197
1816 1817 11198
1817 1818 11199
1818 1819 11201
1819 1790 11202
864 1820 11203
862 1821 11205
1821 888 11206
1820 838 11209
873 1822 11213
1822 1823 11214
1823 1824 11215
1824 870 11216
867 1825 11222
1825 891 11223
1826 1827 11232
1827 1796 11233
1828 1798 11234
1828 1829 11235
1829 896 11236
1830 1831 11242
868 1831 11244
1801 1832 11254
1832 909 11255
1803 1833 11256
1833 919 11257
1834 1835 11266
1805 1836 11268
1836 1834 11269
882 913 11279
887 1837 11282
1837 1838 11283
1814 1839 11284
1839 885 11285
893 1840 11290
1840 929 11291
875 1841 11292
1841 1842 11293
879 1843 11298
1843 904 11299
924 1844 11301
1845 1846 11304
1846 921 11305
1847 1848 11310
1848 1849 11311
1850 1851 11316
1851 1847 11317
883 1838 11321
923 916 11327
1842 1852 11333
894 1853 11339
1853 1854 11340
1854 1855 11343
1856 1857 11344
1857 1858 11345
1859 1860 11355
1860 926 11356
1844 1861 11359
1861 908 11360
1845 1862 11361
1862 941 11362
1863 1864 11367
1864 1850 11368
1865 1866 11373
1865 1867 11374
1867 918 11375
944 1866 11379
1868 1869 11396
1869 1856 11397
1858 1870 11400
1870 937 11401
938 1871 11403
1872 1873 11406
1873 1859 11407
1874 1863 11419
1875 1876 11420
1876 1877 11421
942 948 11437
945 1878 11439
1878 1879 11440
1879 1880 11441
1880 951 11442
1881 1882 11467
1882 1883 11468
1883 1884 11469
1885 1886 11476
1886 1871 11477
1887 1872 11478
1887 1885 11481
1888 965 11512
1889 1890 11526
1890 972 11527
974 1891 11528
1891 318 11529
979 1339 11534
982 985 11543
395 1892 11545
1892 1893 11546
1894 1895 11553
1895 990 11554
1894 1896 11555
1896 999 11556
1008 1897 11565
1897 1484 11566
535 1561 11567
1016 1898 11569
1898 1552 11570
1899 1585 11573
1612 1900 11575
1900 1018 11576
1901 1899 11577
1025 1024 11584
1611 1057 11587
1043 1902 11593
1902 1049 11594
976 1903 11642
1903 320 11643
1195 1187 11674
1193 1904 11675
1904 1905 11676
1905 1906 11677
1906 199 11678
1907 1908 11679
1908 1196 11680
1222 1909 11685
1909 969 11686
1910 1911 11687
1911 1907 11688
964 1912 11689
1912 1910 11690
1261 966 11692
1244 1888 11693
1227 1913 11695
1913 1262 11696
1889 253 11700
1264 1914 11701
1914 1295 11702
257 1915 11705
1915 1311 11706
1293 1916 11709
1916 1312 11710
981 340 11721
1359 1917 11729
1917 993 11730
1893 1918 11734
1918 1434 11735
1919 1432 11743
1452 1919 11750
1920 1921 11757
1921 469 11758
521 1922 11759
1922 1002 11760
534 1923 11767
1923 1920 11768
1486 1924 11769
1924 1532 11770
1530 1925 11773
1925 1015 11774
1551 1926 11781
1926 583 11782
584 1927 11785
1927 1563 11786
1638 1928 11791
1928 1901 11792
1586 1019 11794
1029 1639 11800
644 1929 11807
1929 1679 11808
1050 1930 11809
1930 648 11810
1041 1931 11812
1931 1932 11813
1932 1045 11814
678 1933 11850
1933 1695 11851
381 383 -1
876 1826 -1
12 3 -1
1141 1077 -1
38 1094 -1
58 61 -1
67 1112 -1
1125 130 -1
98 136 -1
124 130 -1
140 1137 -1
241 258 -1
1302 288 -1
347 374 -1
1331 1372 -1
1451 1419 -1
475 491 -1
504 530 -1
515 1525 -1
573 1559 -1
556 1581 -1
599 1570 -1
1616 1569 -1
1617 590 -1
774 782 -1
807 765 -1
813 1746 -1
912 1874 -1
1097 1112 -1
1355 1369 -1
1733 1739 -1
