1664
1529
135
0.020144 -0.169442 -0.311281 0
0.004628 -0.172439 -0.312143 0
0.078277 0.167588 -0.29861 1
0.084419 0.167897 -0.296083 1
0.090453 0.167452 -0.293836 1
-0.102174 0.168405 -0.289418 1
-0.106661 0.16647 -0.287193 1
-0.105761 0.170764 -0.287666 1
-0.082845 0.165688 -0.297005 1
-0.089054 0.167067 -0.294265 1
-0.094685 0.166487 -0.291999 1
0.094806 0.167543 -0.292573 1
0.084629 -0.167832 -0.296598 0
0.07491 -0.167714 -0.299882 0
0.068988 -0.167961 -0.301884 0
0.102024 0.166922 -0.289146 1
0.112277 0.167099 -0.284161 1
-0.13909 -0.164571 -0.267622 0
-0.126886 -0.171777 -0.275559 0
-0.125104 -0.171947 -0.276741 0
-0.025468 -0.107959 -0.262577 2
-0.026629 -0.104332 -0.262365 2
-0.032056 -0.188171 -0.261371 3
-0.02932 -0.184975 -0.261876 3
-0.032397 -0.171402 -0.261299 3
-0.037274 -0.204939 -0.26042 3
-0.042762 -0.206958 -0.259404 3
-0.020826 0.100881 -0.263002 4
-0.012919 0.087344 -0.263514 4
-0.013337 -0.01905 -0.263594 5
-0.011269 -0.013979 -0.263758 5
-0.011392 4.84E-4 -0.263689 5
-0.024989 -0.059699 -0.262633 2
-0.018337 -0.070619 -0.263212 2
-0.018444 -0.077392 -0.263205 2
-0.02254 -0.087507 -0.262846 2
-0.02242 -0.090405 -0.262858 2
-0.020672 -0.121108 -0.262995 2
-0.022514 -0.124246 -0.262829 2
-0.025084 -0.137864 -0.262581 2
-0.023531 -0.152207 -0.262704 2
-0.024661 -0.154644 -0.262599 2
0.007244 -0.194565 -0.264111 6
-0.008942 -0.188191 -0.264019 6
0.020294 0.22138 -0.262963 7
0.022745 0.212085 -0.262662 7
0.021664 0.204624 -0.26276 7
0.018296 0.137569 -0.2631 8
0.018594 0.13207 -0.263071 8
0.022178 0.120782 -0.262671 8
0.025111 0.108437 -0.262355 8
0.025562 0.104002 -0.262305 8
0.014149 -0.036908 -0.263592 9
0.021206 -0.024449 -0.262918 9
0.009511 -0.022059 -0.264021 9
0.023629 -0.204878 -0.262785 6
0.032708 0.187799 -0.261234 10
0.046705 0.203266 -0.258367 10
0.025273 -0.064965 -0.2626 9
0.031613 -0.07063 -0.261462 9
0.035038 -0.104198 -0.260857 9
0.035835 -0.115535 -0.260729 9
0.036132 -0.120966 -0.260672 9
0.03537 -0.131978 -0.260808 9
0.037041 -0.13773 -0.260518 9
0.040962 -0.141836 -0.259844 9
0.128719 -0.167227 -0.274593 0
0.122595 -0.166929 -0.278167 0
0.114628 -0.168434 -0.282814 0
0.142126 -0.172028 -0.265305 0
0.140151 -0.171701 -0.266671 0
0.154747 0.167397 -0.255428 1
0.146143 0.167094 -0.262175 1
0.141296 0.167292 -0.265971 1
-0.158775 0.165595 -0.251974 1
-0.168317 0.169458 -0.242817 1
-0.171083 0.169347 -0.24021 1
-0.074263 0.204684 -0.249118 11
-0.074306 0.194142 -0.249108 11
-0.073067 0.187921 -0.249654 11
-0.084355 -0.018963 -0.244474 12
-0.076883 -0.012827 -0.247955 12
-0.071437 8.28E-4 -0.250431 12
-0.082465 -0.025522 -0.245361 12
-0.088634 -0.038837 -0.242454 13
-0.077975 -0.053755 -0.247439 13
-0.083397 -0.104347 -0.244885 14
-0.083568 -0.110837 -0.244805 14
-0.08125 -0.121098 -0.245899 14
-0.075011 -0.13711 -0.248846 14
-0.074933 -0.137829 -0.248883 14
-0.074363 -0.138607 -0.249152 14
-0.076642 -0.140374 -0.248076 14
-0.068853 0.154803 -0.2515 11
-0.068162 0.154407 -0.251729 11
-0.061971 0.087347 -0.253786 11
-0.060872 0.07825 -0.254156 11
-0.064269 0.070568 -0.253016 11
-0.054186 0.038384 -0.256426 11
-0.063784 0.053771 -0.253181 11
-0.073854 -0.058784 -0.249376 13
-0.061931 -0.070632 -0.25377 13
-0.064104 -0.087491 -0.252968 13
-0.063891 -0.076686 -0.253044 13
-0.058696 -0.160688 -0.254976 14
-0.063168 -0.154597 -0.253314 14
-0.050655 0.20469 -0.257348 15
-0.049784 0.20766 -0.257557 15
-0.038329 0.221473 -0.260268 15
-0.048875 0.036768 -0.257723 11
0.057771 0.193059 -0.255059 10
0.052941 0.204536 -0.256502 10
0.050774 0.103919 -0.257139 16
0.055533 0.093759 -0.255745 16
0.045636 0.084354 -0.258641 17
0.053054 0.070391 -0.25647 17
0.051012 1.26E-4 -0.25707 8
0.049781 0.012563 -0.257425 8
0.048966 0.019021 -0.257643 8
0.045375 -0.053792 -0.258656 8
0.045596 -0.057606 -0.258599 8
0.040473 -0.20373 -0.259931 9
0.041545 -0.204777 -0.259645 9
0.062875 0.187148 -0.253534 18
0.073873 0.17097 -0.249187 18
0.085349 0.070351 -0.243919 19
0.08504 0.061634 -0.244074 19
0.087526 0.053557 -0.24285 19
0.102711 -0.15862 -0.234344 20
0.095501 -0.154209 -0.238482 20
-0.176701 -0.16852 -0.23442 0
-0.179234 -0.169633 -0.231412 0
-0.187785 -0.167293 -0.221401 0
-0.115633 0.054139 -0.225282 13
-0.114216 0.069428 -0.226408 13
-0.11701 0.071004 -0.22418 13
-0.121455 0.037314 -0.220627 13
-0.118139 0.047813 -0.223275 13
-0.118642 0.019771 -0.222886 13
-0.122117 0.026042 -0.220069 13
-0.117191 -0.049577 -0.224266 21
-0.116362 -0.054145 -0.224841 21
-0.114148 -0.138157 -0.226391 21
-0.11471 -0.141648 -0.225994 21
-0.11338 -0.154919 -0.22693 21
-0.112724 -0.16082 -0.227392 21
-0.113605 -0.17169 -0.226769 21
-0.113762 -0.188464 -0.226654 21
-0.113228 -0.177055 -0.227036 21
-0.105036 0.104367 -0.232686 22
-0.105539 0.113244 -0.232347 22
-0.106814 0.121153 -0.231498 22
-0.116739 -0.054845 -0.224578 21
-0.114757 -0.071016 -0.225964 21
0.105257 0.221253 -0.232642 23
0.100452 0.212713 -0.235598 23
0.107705 0.216622 -0.231153 23
0.120915 0.159521 -0.221392 24
0.115002 0.170898 -0.225763 24
0.113983 0.137365 -0.22652 24
0.115604 0.130999 -0.225319 24
0.113841 0.120594 -0.226623 24
0.120609 0.10775 -0.22166 24
0.116569 0.053477 -0.224641 24
0.120004 0.036576 -0.222165 24
0.119994 0.036502 -0.222172 24
0.120055 0.036227 -0.222128 24
0.116046 -0.208243 -0.225106 25
0.106826 -0.210032 -0.231476 25
0.108795 -0.221196 -0.230114 25
-0.132951 0.155158 -0.21044 26
-0.132334 0.14625 -0.211023 26
-0.131525 0.138366 -0.211787 26
-0.138006 0.128495 -0.205661 26
-0.140141 -0.002682 -0.203475 26
-0.13663 -0.019068 -0.206892 26
-0.134925 -0.028951 -0.208634 26
-0.136439 -0.037316 -0.207083 26
-0.13554 -0.045344 -0.207976 26
-0.134219 -0.054215 -0.209325 26
-0.135873 -0.121441 -0.207661 26
-0.135889 -0.129306 -0.207643 26
-0.135789 -0.138211 -0.207745 26
-0.135805 -0.145917 -0.207726 26
-0.135624 -0.154985 -0.207911 26
-0.135638 -0.162387 -0.20789 26
-0.135642 -0.171756 -0.20789 26
0.121994 0.154106 -0.220428 24
0.123105 0.103795 -0.219439 24
0.121878 0.088853 -0.220525 24
0.122233 0.087028 -0.220211 24
0.127153 -0.137278 -0.215931 27
0.126464 -0.133418 -0.216505 27
0.126323 -0.120513 -0.21662 27
0.129367 -0.142829 -0.214094 27
0.130858 -0.021816 -0.21278 24
0.133889 -0.036102 -0.209654 24
0.134555 -0.042302 -0.208996 24
0.135166 -0.053087 -0.208348 24
0.141305 -0.104433 -0.202246 24
0.138732 -0.103653 -0.204803 24
0.136835 -0.170799 -0.206711 27
0.134183 -0.161021 -0.209333 27
0.198418 -0.166878 -0.207312 0
0.195533 -0.171914 -0.211259 0
0.204348 -0.17417 -0.197681 0
0.207224 -0.175121 -0.195039 0
-0.206795 -0.165075 -0.19374 0
-0.212544 -0.168877 -0.183243 0
-0.214862 -0.168352 -0.179013 0
-0.149936 0.037938 -0.192208 26
-0.150238 0.037483 -0.191793 26
-0.152727 0.024573 -0.18843 26
-0.151726 0.019751 -0.189792 26
-0.150491 0.012607 -0.191499 26
-0.149197 0.103831 -0.193126 26
-0.146825 0.08822 -0.195793 26
-0.147691 0.073887 -0.194815 26
-0.147901 0.071423 -0.194581 26
-0.14782 0.069101 -0.194673 26
-0.147079 0.054499 -0.1955 26
0.150118 0.154097 -0.191523 28
0.149284 0.163808 -0.192576 28
0.148459 0.170861 -0.193609 28
0.154917 0.137348 -0.185499 28
0.154885 0.137858 -0.185541 28
0.151725 0.087037 -0.189515 29
0.150487 0.077479 -0.191067 29
0.152352 0.070277 -0.188733 29
0.15488 0.05429 -0.185584 29
0.153756 0.036537 -0.187001 30
0.15439 0.037065 -0.186212 30
0.199718 0.167512 -0.204802 1
0.205014 0.16644 -0.196229 1
0.208699 0.166268 -0.190274 1
0.214184 -0.166472 -0.180276 0
0.207716 -0.174148 -0.191903 0
-0.168358 0.088081 -0.164353 31
-0.168135 0.089004 -0.164801 31
-0.16773 0.089036 -0.165612 31
-0.172902 0.071077 -0.155252 31
-0.168539 0.086234 -0.163992 31
-0.171279 0.062145 -0.158508 31
-0.170268 -0.033861 -0.160831 32
-0.169052 -0.034321 -0.162914 32
-0.161504 -0.020613 -0.175926 32
-0.170595 -0.116189 -0.160199 33
-0.167608 -0.121148 -0.165414 33
-0.168769 -0.124853 -0.163387 33
-0.168208 -0.13791 -0.164364 33
-0.168217 -0.142848 -0.164352 33
-0.168146 -0.154681 -0.164463 33
-0.162875 0.138506 -0.173569 34
-0.16228 0.144797 -0.174543 34
-0.162252 0.155279 -0.174588 34
-0.161832 0.121753 -0.175273 34
-0.161319 0.126154 -0.176112 34
-0.161892 0.104977 -0.175183 34
-0.161852 0.110383 -0.17525 34
-0.159077 0.101148 -0.179792 34
0.164256 -0.109272 -0.171195 35
0.16489 -0.103757 -0.170101 35
0.216656 0.173261 -0.174709 1
0.216596 0.173338 -0.175082 1
-0.218403 0.166003 -0.17126 1
-0.223318 0.169809 -0.159157 1
-0.224776 0.170301 -0.155626 1
-0.221629 -0.167335 -0.163852 0
-0.223837 -0.16756 -0.157879 0
-0.227468 -0.165804 -0.148182 0
0.173923 0.204558 -0.153352 36
0.175351 0.211127 -0.150026 36
0.177186 0.221345 -0.145771 36
0.175399 0.187817 -0.149965 36
0.176516 0.195022 -0.147407 36
0.179265 0.142263 -0.141114 36
0.177254 0.15432 -0.145715 36
0.177867 0.124261 -0.144319 36
0.178026 0.120807 -0.143953 36
0.177837 0.104041 -0.144383 36
0.177834 0.107515 -0.144392 36
0.177845 0.08728 -0.144375 36
0.177788 0.090793 -0.144507 36
0.178035 0.073323 -0.143954 36
0.178055 0.070524 -0.143908 36
0.178975 0.035355 -0.141886 36
0.178737 0.036746 -0.142417 36
0.173034 -0.03622 -0.154895 37
0.172345 -0.022353 -0.156447 37
0.169737 -0.153485 -0.161792 38
0.170616 -0.154131 -0.159936 38
0.176791 -0.208123 -0.146971 39
0.174437 -0.204474 -0.151904 39
0.223479 0.166487 -0.159123 1
0.227335 0.168368 -0.147942 1
0.229085 0.168738 -0.142876 1
-0.185525 0.154754 -0.121125 40
-0.185157 0.157954 -0.122352 40
-0.183839 0.171546 -0.126739 40
-0.185265 0.151942 -0.121991 40
-0.184264 0.138024 -0.125333 40
-0.186041 0.125899 -0.119421 40
-0.184178 0.131466 -0.125618 40
-0.185945 0.036899 -0.119672 40
-0.1856 0.038854 -0.120826 40
-0.183953 0.05388 -0.126373 40
-0.185638 0.034844 -0.120719 40
-0.181968 -0.087578 -0.133047 41
-0.183399 -0.095967 -0.129097 41
-0.18352 -0.186086 -0.128726 41
-0.18295 -0.188224 -0.13031 41
0.180104 0.171129 -0.138616 36
0.180155 0.168408 -0.13846 36
-0.188996 0.121132 -0.105206 40
-0.188006 0.028537 -0.110052 42
-0.188094 0.019546 -0.109495 42
-0.187102 0.002899 -0.114816 42
-0.187391 9.85E-4 -0.113279 42
-0.187458 -0.01794 -0.11386 42
-0.187402 -0.018753 -0.114173 42
-0.188539 -0.087553 -0.107974 42
-0.187763 -0.079157 -0.112629 42
-0.189196 -0.104306 -0.104076 42
-0.188829 -0.093968 -0.106254 42
-0.18582 -0.053798 -0.119984 42
-0.186741 -0.049951 -0.116473 42
-0.185329 -0.036752 -0.121839 42
-0.185756 -0.070758 -0.120212 42
-0.184902 -0.059562 -0.123462 42
-0.18679 -0.121108 -0.116376 41
-0.185178 -0.111224 -0.122418 41
-0.184766 -0.171448 -0.123993 41
-0.184867 -0.166054 -0.12362 41
-0.185546 -0.154676 -0.12104 41
-0.185861 -0.180672 -0.119853 41
-0.186245 -0.221766 -0.118394 43
-0.184322 -0.208022 -0.125686 43
-0.186125 -0.204989 -0.118865 43
0.18756 -0.046157 -0.113481 36
0.185728 -0.036426 -0.120258 36
0.186597 -0.103843 -0.117049 44
0.18636 -0.100023 -0.117922 44
0.185677 -0.1374 -0.12035 44
0.184749 -0.146678 -0.123698 44
0.186098 -0.154175 -0.118833 44
0.185208 -0.170924 -0.122028 44
0.185284 -0.163788 -0.121773 44
0.185177 -0.178337 -0.122138 44
0.185886 -0.187694 -0.119618 44
0.190891 0.210012 -0.0921 45
0.189631 0.221651 -0.100789 45
0.190033 0.137863 -0.097898 46
0.190292 0.124906 -0.096173 46
0.188391 0.124479 -0.108989 46
0.188748 -0.053409 -0.106666 36
0.189686 -0.070301 -0.101431 36
0.189217 -0.060227 -0.103933 36
0.18816 -0.20449 -0.109715 47
0.187134 -0.208692 -0.115213 47
-0.190129 0.154644 -0.097236 48
-0.190228 0.147972 -0.096396 48
-0.190128 0.137872 -0.097216 48
-0.189426 0.122682 -0.103139 48
-0.190813 -0.12104 -0.092668 42
-0.19055 -0.119332 -0.095984 42
-0.191369 -0.22168 -0.086076 43
-0.191884 -0.205259 -0.079703 43
0.191886 0.188787 -0.07541 49
0.19141 0.204998 -0.083409 49
0.190367 -0.089272 -0.097684 36
0.191029 -0.103909 -0.090161 36
0.19181 -0.195983 -0.081748 50
0.190744 -0.187797 -0.09307 50
-0.191554 0.171372 -0.081228 48
-0.191514 0.17515 -0.082561 48
-0.191757 0.18812 -0.074181 48
-0.191473 0.023653 -0.08527 51
-0.191673 0.036922 -0.076957 51
-0.19177 -0.104082 -0.064488 52
-0.191749 -0.105514 -0.061973 52
0.191612 0.171512 -0.065145 53
0.191688 0.161954 -0.068235 53
0.191719 0.15473 -0.069441 53
0.191707 0.054097 -0.06823 54
0.191734 0.063901 -0.069372 54
0.191574 0.037103 -0.060501 54
0.191571 0.037299 -0.06034 54
0.191828 -0.137531 -0.079085 55
0.191828 -0.139641 -0.079332 55
0.191821 -0.154319 -0.080081 55
0.191823 -0.156259 -0.079598 55
0.19184 -0.171103 -0.074205 55
-0.190941 0.207385 -0.052818 56
-0.191224 0.204807 -0.057785 56
-0.19156 0.120974 -0.063752 57
-0.191421 0.112529 -0.061375 57
-0.190951 0.108557 -0.052989 57
-0.190957 0.094875 -0.053062 42
-0.19117 0.091174 -0.056834 42
-0.191283 0.087416 -0.058889 42
-0.19189 0.085104 -0.069812 42
-0.190386 -0.025574 -0.047069 52
-0.190731 -0.036461 -0.051361 52
-0.19082 -0.137526 -0.052376 52
-0.190676 -0.131987 -0.050869 52
-0.19053 -0.120723 -0.049449 52
-0.191217 -0.154318 -0.056418 52
-0.191172 -0.14376 -0.055989 52
0.190868 -0.187886 -0.052191 58
0.190527 -0.183412 -0.048095 58
0.190553 -0.199727 -0.048201 58
0.239096 -0.171859 -0.050953 0
0.239734 -0.167713 -0.06677 0
0.239831 -0.168043 -0.071191 0
-0.188852 0.221437 -0.03822 56
-0.190865 0.188595 -0.052256 59
-0.190729 0.188009 -0.051319 59
-0.190946 0.182508 -0.052826 59
-0.190653 0.104153 -0.050925 42
-0.189467 0.093628 -0.042631 42
-0.19096 0.08291 -0.053099 60
-0.189085 0.083754 -0.039971 60
-0.188577 0.086187 -0.036412 60
-0.189331 -0.018413 -0.04117 52
-0.190107 -0.068818 -0.04516 52
-0.18902 -0.059284 -0.039445 52
-0.189046 -0.053342 -0.039557 52
-0.1841 -0.086964 -0.018416 61
-0.186955 -0.073187 -0.028509 61
-0.184455 -0.103741 -0.019666 61
-0.185561 -0.098688 -0.02358 61
-0.186976 -0.137315 -0.028601 61
-0.182432 -0.143203 -0.012476 61
-0.182449 -0.17331 -0.012538 62
-0.186834 -0.187605 -0.028139 62
-0.185937 -0.204363 -0.024949 62
-0.186752 -0.188753 -0.027849 62
0.186151 0.189095 -0.025451 63
0.185983 0.188309 -0.02489 63
0.187165 -0.012863 -0.029353 64
0.186104 -0.018666 -0.025497 64
0.186473 -0.053383 -0.026852 65
0.184753 -0.064736 -0.020405 65
0.184698 -0.087222 -0.020196 66
0.186501 -0.091833 -0.026948 66
0.186775 -0.103989 -0.027988 66
0.187563 -0.154325 -0.030983 67
0.186041 -0.164462 -0.025255 67
0.186287 -0.171087 -0.026188 67
0.187014 0.138003 -0.029651 64
0.187459 0.131732 -0.031837 64
0.186758 0.121242 -0.028368 64
0.188522 0.104482 -0.03703 64
0.187596 0.11116 -0.03245 64
0.188096 0.096709 -0.034897 64
0.189514 0.087709 -0.041945 64
0.189533 0.087103 -0.042038 64
0.189073 0.019657 -0.03985 64
0.188917 0.013516 -0.038954 64
0.189932 0.001012 -0.044358 64
0.190311 -0.026482 -0.046383 65
0.188816 -0.0364 -0.038081 65
0.18755 -0.049289 -0.030842 65
0.188507 -0.115953 -0.03621 67
0.188873 -0.120752 -0.038394 67
-0.179448 0.134578 -0.003747 52
-0.181353 0.120727 -0.009575 52
-0.178662 0.009411 -0.001789 52
-0.180531 9.84E-4 -0.007274 52
-0.183369 -0.012742 -0.015388 52
-0.181534 -0.221071 -0.010115 62
-0.182521 -0.217448 -0.012735 62
0.183452 -0.116998 -0.015493 66
0.182004 -0.120754 -0.011471 66
0.183466 -0.192428 -0.015639 68
0.181237 -0.204586 -0.009453 68
0.183285 -0.221357 -0.015275 68
0.182535 -0.207406 -0.013103 68
-0.225881 0.165648 0.008509 1
-0.221199 0.170428 0.020289 1
-0.219696 0.170559 0.024088 1
-0.173779 0.204445 0.009421 52
-0.174043 0.207155 0.008806 52
-0.175023 0.221267 0.006514 52
-0.176426 0.154178 0.003227 52
-0.178754 0.139216 -0.002138 52
-0.178941 0.137454 -0.002573 52
-0.175084 0.165398 0.006367 52
-0.175496 0.170923 0.005391 52
-0.178409 0.134838 -0.001342 52
-0.175622 0.087136 0.005077 52
-0.179465 0.100958 -0.003841 52
-0.17546 0.036508 0.005444 52
-0.176218 0.026795 0.003753 52
-0.176899 0.019275 0.002142 52
-0.174744 0.048385 0.007136 52
-0.174634 0.053478 0.007384 52
-0.172572 -0.204231 0.011401 61
-0.169298 -0.207993 0.018234 61
0.170023 -0.022004 0.016855 69
0.17089 -0.018555 0.014995 69
0.177875 -0.14034 8.0E-6 70
0.172515 -0.154324 0.011706 70
0.22038 0.170855 0.022819 1
0.219571 0.166911 0.024804 1
0.224432 -0.166975 0.012297 0
0.22778 -0.16738 0.002379 0
0.229703 -0.167685 -0.003348 0
-0.174903 -0.170708 0.006548 61
-0.174395 -0.175602 0.007605 61
-0.174 -0.187485 0.00843 61
-0.17287 -0.195943 0.010785 61
-0.164709 0.094129 0.026479 71
-0.163245 0.103803 0.028686 71
-0.161915 -0.134653 0.03076 72
-0.162059 -0.137109 0.030515 72
-0.162095 -0.220878 0.030435 61
0.21756 0.167886 0.028939 1
0.212011 0.166585 0.039854 1
-0.199788 -0.166818 0.060507 0
-0.206976 -0.170595 0.048703 0
-0.208499 -0.170725 0.046213 0
-0.156247 -0.120348 0.039076 73
-0.150901 -0.132552 0.046559 73
-0.144123 -0.170641 0.054462 74
-0.146654 -0.177251 0.051513 74
-0.145123 -0.1874 0.053294 74
-0.146308 -0.196857 0.051893 74
-0.14226 -0.204121 0.056662 74
-0.145107 -0.213345 0.053327 74
-0.143016 -0.220873 0.055772 74
0.159052 0.165257 0.035406 75
0.151232 0.154975 0.045952 75
0.156077 0.149839 0.039418 75
0.15557 0.138175 0.040091 75
0.155263 0.13158 0.040513 75
0.155687 0.121413 0.039929 75
0.154801 0.104647 0.041123 75
0.156391 0.11659 0.03898 75
0.154908 0.054228 0.040967 75
0.150053 0.03782 0.047628 75
0.149861 0.037174 0.04789 75
0.149704 0.036414 0.048108 75
0.16112 -0.221544 0.031893 76
0.153309 -0.210241 0.043294 76
0.202369 -0.165872 0.056573 0
0.205958 -0.166093 0.050439 0
0.210649 -0.167782 0.042303 0
-0.137677 0.220988 0.061357 77
-0.133969 0.20614 0.065303 77
-0.130767 -0.00389 0.068411 78
-0.137771 -0.01841 0.061341 78
-0.137597 -0.03634 0.061565 78
-0.137552 -0.031304 0.061629 78
-0.139389 -0.070079 0.059861 78
-0.139216 -0.071128 0.060028 78
-0.138689 -0.08687 0.060538 78
-0.120984 0.092533 0.076953 79
-0.122331 0.086886 0.075749 79
0.129911 -0.088198 0.069159 75
0.129914 -0.086576 0.069156 75
0.12631 -0.071388 0.07223 75
0.130027 -0.105041 0.069058 75
0.130189 -0.1037 0.06892 75
0.12404 -0.121905 0.074164 75
0.12942 -0.107425 0.069578 75
0.130647 -0.188982 0.068514 75
0.131304 -0.190779 0.067954 75
0.138096 0.133454 0.06116 80
0.13358 0.12147 0.06543 80
0.138197 0.10666 0.061059 80
0.140881 -0.012453 0.058247 75
0.134126 -0.019298 0.064965 75
0.129715 -0.024302 0.069412 75
0.133694 -0.172101 0.065493 75
0.133673 -0.15872 0.065506 75
0.135237 -0.155302 0.063893 75
-0.173435 0.17097 0.093476 1
-0.175878 0.170726 0.090732 1
-0.184555 0.166016 0.081035 1
-0.108001 0.157615 0.086614 81
-0.112843 0.153958 0.082992 81
-0.112159 0.148669 0.083508 81
-0.110572 0.137209 0.084681 81
-0.11302 0.130653 0.082864 81
-0.116319 0.120428 0.080402 81
-0.116013 0.053295 0.080636 78
-0.114448 0.044169 0.081801 78
-0.116265 0.036329 0.080454 78
-0.120099 0.027549 0.077663 78
-0.106291 -0.221256 0.087443 82
-0.115173 -0.204851 0.081365 82
-0.105167 0.086916 0.088353 78
-0.104393 0.090725 0.088826 78
-0.101867 0.103714 0.090365 78
-0.107569 0.078601 0.086887 78
-0.104848 0.083665 0.088548 78
-0.104378 -0.0702 0.088749 83
-0.10635 -0.076369 0.087402 83
-0.108365 -0.187696 0.086022 84
-0.101352 -0.19225 0.090816 84
0.104989 -0.118533 0.088509 85
0.104482 -0.121958 0.088808 85
0.104494 -0.122545 0.088801 85
0.184677 0.168797 0.080814 1
0.187253 0.169124 0.077448 1
0.194842 0.166703 0.067652 1
-0.093801 0.160258 0.095324 81
-0.089254 0.170837 0.097601 81
-0.096136 -0.087088 0.093763 86
-0.096496 -0.092686 0.093561 86
-0.09817 -0.1039 0.092614 86
-0.098785 -0.117672 0.092263 86
-0.096419 -0.120684 0.093598 86
-0.097389 -0.125309 0.09305 86
-0.091411 -0.137493 0.096425 86
-0.097548 -0.149844 0.092963 86
-0.086849 -0.149125 0.098996 86
-0.093016 -0.20454 0.095519 84
-0.086913 -0.221192 0.098972 84
-0.07737 0.070192 0.103407 87
-0.077713 0.086041 0.10327 87
-0.072858 0.053367 0.105209 87
-0.066626 0.066558 0.107676 87
-0.071047 0.02008 0.106105 87
-0.069396 0.029344 0.106688 87
-0.069952 0.036467 0.106413 87
-0.05588 -0.01908 0.111475 87
-0.057487 -0.014601 0.110911 87
-0.063285 -0.036643 0.108908 87
-0.058698 -0.050239 0.110547 87
-0.061107 -0.0536 0.109695 87
-0.060858 -0.059241 0.109781 87
-0.063242 -0.070409 0.108936 87
-0.063131 -0.087235 0.108971 87
-0.057614 -0.085215 0.110931 87
-0.05755 -0.104075 0.110955 87
-0.065347 -0.093812 0.108186 87
-0.061597 -0.187892 0.109501 87
-0.065369 -0.177787 0.108162 87
-0.067541 -0.171102 0.107392 87
-0.06045 -0.204672 0.109908 87
-0.062662 -0.197473 0.109122 87
-0.050226 -0.120923 0.112993 87
-0.055804 -0.107341 0.111575 87
-0.055903 -0.159236 0.11153 87
-0.047692 -0.154482 0.113646 87
0.043442 0.063082 0.114589 88
0.040993 0.054297 0.115145 88
0.0397 0.04965 0.115449 88
0.037437 0.037302 0.115938 88
0.03691 0.03464 0.116062 88
0.042505 0.019026 0.114766 88
0.052999 -0.087989 0.112113 89
0.04414 -0.07323 0.11463 89
0.051212 -0.104741 0.112621 89
0.049303 -0.09903 0.113157 89
0.076511 0.154998 0.103745 90
0.077168 0.147504 0.103464 90
0.074918 0.138246 0.104439 90
0.083963 0.163875 0.100515 90
0.069237 0.122057 0.106921 90
0.069155 0.121499 0.106956 90
0.074588 0.104725 0.104579 90
0.069239 0.120937 0.10692 90
0.079264 0.037149 0.102565 90
0.074502 0.027752 0.104531 90
0.078803 0.018967 0.102739 90
0.083472 0.012935 0.10079 90
0.082876 -0.222343 0.100707 91
0.089093 -0.207073 0.097738 91
0.082376 -0.205627 0.100947 91
0.089891 -0.004102 0.09721 90
0.092389 0.008106 0.095887 90
0.171485 -0.16913 0.095443 0
0.164366 -0.166102 0.102285 0
0.15936 -0.165409 0.107036 0
-0.127861 -0.166943 0.130709 0
-0.133488 -0.166917 0.126912 0
-0.142592 -0.171775 0.120615 0
-0.117803 -0.16748 0.136725 0
-0.112278 -0.167189 0.139902 0
-0.020657 0.188079 0.118426 92
-0.019055 0.193226 0.118612 92
-0.022921 0.204809 0.118164 92
-0.035612 0.125828 0.116246 92
-0.034364 0.120881 0.116504 92
-0.035784 0.070555 0.116215 93
-0.033809 0.056283 0.116636 93
-0.03252 0.053664 0.116904 93
-0.031988 0.038564 0.117039 93
-0.046234 0.001117 0.113947 94
-0.051428 0.006803 0.112749 94
-0.031455 -0.171373 0.117056 95
-0.032667 -0.164076 0.116853 95
-0.039811 -0.159996 0.115679 95
-0.035158 -0.176119 0.11645 95
-0.03139 -0.188132 0.117076 95
-0.03361 -0.204914 0.116698 95
-0.034858 -0.199802 0.116498 95
-0.033713 -0.221695 0.116665 95
-0.034257 -0.215961 0.116584 95
-0.023672 0.154519 0.118084 92
-0.021655 0.145434 0.118319 92
-0.030343 0.137687 0.117301 92
-0.030533 0.137468 0.117279 92
-0.031352 0.036751 0.117114 93
-0.031071 0.035566 0.11715 93
-0.020334 0.018828 0.118481 93
-0.024263 0.006461 0.118017 93
-0.011734 0.104327 0.119271 96
-0.014102 0.105096 0.119203 96
-0.013024 0.103231 0.119234 96
-0.00447 0.087629 0.119478 96
0.008761 -0.121281 0.119546 97
0.008629 -0.11958 0.119547 97
0.006803 -0.104502 0.119554 97
0.010295 -0.123823 0.119535 97
0.034834 0.154975 0.116498 98
0.025873 0.144443 0.117802 98
0.036279 0.151826 0.116288 98
0.014128 0.121319 0.119028 99
0.015747 0.108357 0.118935 99
0.002722 0.111196 0.119686 99
0.036208 0.216011 0.116312 98
0.029645 0.211887 0.117263 98
0.030735 0.205232 0.117105 98
0.025366 0.18846 0.117885 98
0.02603 0.182009 0.117787 98
0.026939 0.171702 0.11765 98
0.03438 0.156874 0.116564 98
0.045402 -0.001463 0.114165 88
0.046824 4.4E-5 0.113872 88
0.031341 -0.019602 0.117111 88
0.033412 -0.003502 0.116705 88
0.030581 -0.037204 0.117248 88
0.031679 -0.021954 0.117052 88
0.032796 -0.054222 0.116807 88
0.02994 -0.038771 0.117377 88
0.041694 -0.068582 0.115099 88
0.027445 -0.138155 0.117817 100
0.0313 -0.125735 0.117098 100
0.031128 -0.121374 0.117129 100
0.032253 -0.154944 0.116917 100
0.027564 -0.138852 0.117796 100
0.135801 0.171135 0.125316 1
0.126587 0.167863 0.131253 1
0.121482 0.167499 0.134525 1
0.132867 -0.166997 0.127486 0
0.138008 -0.166749 0.123812 0
0.146487 -0.166836 0.117681 0
-0.090925 0.166401 0.149762 1
-0.095994 0.167238 0.147456 1
-0.10599 0.167434 0.142921 1
-0.09485 -0.167794 0.148091 0
-0.101436 -0.167424 0.14495 0
-0.080122 -0.171144 0.153592 0
-0.075377 -0.171361 0.155335 0
0.09147 0.167636 0.149461 1
0.08118 0.167936 0.153252 1
0.075921 0.167762 0.155196 1
0.090111 -0.170198 0.150252 0
0.092771 -0.164922 0.149176 0
0.103795 -0.16522 0.143795 0
0.110827 -0.168291 0.140395 0
-0.047856 0.108579 0.168094 101
-0.041815 0.095087 0.164372 101
-0.046737 -0.126868 0.163578 102
-0.045914 -0.137706 0.167787 102
-0.044425 -0.140588 0.16717 102
-0.037817 -0.149124 0.167494 102
-0.015781 0.074019 0.169431 101
-0.007843 0.072937 0.167014 101
0.046903 -0.130142 0.163807 102
0.044936 -0.137183 0.165119 102
0.044681 -0.138215 0.165127 102
-0.009384 0.170233 0.170032 101
-0.012757 0.168933 0.170917 101
-0.013526 0.168486 0.166994 101
-0.012019 -0.170691 0.172701 103
-0.007872 -0.170955 0.171046 103
0.008759 -0.170325 0.170864 103
0.003684 0.170047 0.17397 101
0.011309 0.169949 0.174528 101
0.015028 -0.167392 0.166937 103
0.013665 -0.16829 0.172898 103
-0.050486 0.168678 -0.306538 1
-0.037691 0.170315 -0.308855 1
-0.034599 0.171294 -0.309378 1
-0.009151 0.16983 -0.311946 1
-0.017514 0.170071 -0.311466 1
-0.001205 0.166979 -0.312218 1
-0.029258 -0.169087 -0.31017 0
-0.019826 -0.168329 -0.311074 0
-0.013141 -0.170644 -0.311677 0
0.028108 0.170403 -0.310244 1
0.031728 0.170279 -0.309692 1
0.044286 0.167769 -0.307805 1
0.012132 0.169971 -0.311696 1
0.016261 0.169698 -0.311349 1
0.00357 -0.16756 -0.31223 0
3.3E-4 -0.172388 -0.312208 0
0.050888 0.167479 -0.306328 1
0.060615 0.166025 -0.304177 1
-0.095311 -0.166552 -0.292328 0
-0.102094 -0.166747 -0.289122 0
-0.110522 -0.166394 -0.285114 0
-0.079483 -0.172996 -0.298334 0
-0.080791 -0.172803 -0.297834 0
-0.145754 0.169407 -0.262579 1
-0.142468 0.169883 -0.264914 1
-0.131829 0.167356 -0.272574 1
0.127023 0.166876 -0.275553 1
0.132233 0.167064 -0.272064 1
-0.164802 -0.165468 -0.2465 0
-0.173179 -0.168579 -0.237988 0
-0.18252 0.167884 -0.227875 1
-0.179138 0.168268 -0.23154 1
-0.194972 -0.168521 -0.211603 0
-0.198026 -0.166889 -0.207511 0
0.193169 0.167635 -0.214029 1
0.189881 0.167143 -0.218641 1
-0.21513 0.166297 -0.177835 1
-0.21081 0.171217 -0.186327 1
0.218284 -0.167557 -0.171335 0
0.220927 -0.167804 -0.165582 0
-0.227999 0.166709 -0.146287 1
-0.230192 0.166077 -0.139745 1
-0.234158 0.171361 -0.123447 1
-0.233628 0.171294 -0.125581 1
-0.232135 -0.167845 -0.132115 0
-0.234411 -0.167706 -0.121782 0
-0.235749 -0.167566 -0.115736 0
-0.239041 0.167281 -0.0905 1
-0.238324 0.166994 -0.096951 1
-0.237146 0.167666 -0.107074 1
0.239833 0.165661 -0.079741 1
0.239516 0.166206 -0.082971 1
0.239936 0.169892 -0.068638 1
0.237691 -0.167862 -0.103837 0
0.238308 -0.168105 -0.097456 0
0.239312 -0.167705 -0.08757 0
0.238414 0.169281 -0.047121 1
0.237651 0.169152 -0.041467 1
0.236169 0.170318 -0.031302 1
0.239027 -0.171179 -0.049972 0
0.239084 -0.168689 -0.051001 0
0.23534 0.170291 -0.027102 1
0.233127 0.168357 -0.016048 1
-0.234876 0.168538 -0.023891 1
-0.233644 0.16908 -0.018885 1
-0.230784 0.173483 -0.007651 1
-0.232965 -0.170077 -0.015962 0
-0.232026 -0.170095 -0.012515 0
-0.228628 -0.166513 2.0E-4 0
-0.21426 0.170398 0.035371 1
-0.212435 0.170556 0.039134 1
0.218066 -0.166977 0.027545 0
0.215453 -0.167398 0.032806 0
-0.213731 -0.167962 0.036404 0
-0.216334 -0.167301 0.031412 0
0.198644 0.166154 0.061929 1
0.203925 0.164978 0.053956 1
0.208933 0.166672 0.045211 1
-0.193389 0.172423 0.069419 1
-0.194709 0.172563 0.067698 1
0.196387 -0.167058 0.065262 0
0.192969 -0.166861 0.070257 0
-0.161421 0.166513 0.105211 1
-0.170787 0.170658 0.096052 1
-0.190084 -0.165321 0.074105 0
-0.183319 -0.16724 0.082284 0
-0.179426 -0.16688 0.086989 0
-0.152441 0.16909 0.112751 1
-0.148572 0.168988 0.116019 1
-0.155543 -0.166145 0.110392 0
-0.14386 -0.171706 0.119609 0
0.149176 0.167881 0.115563 1
0.138005 0.171017 0.123688 1
0.151444 -0.166513 0.113591 0
-0.110336 0.16856 0.140579 1
-0.120782 0.170168 0.134984 1
-0.051719 0.125088 0.162796 101
-0.047471 0.129565 0.163768 101
-0.075563 0.165475 0.155327 1
-0.065511 0.164554 0.158456 1
-0.02159 0.166722 0.166071 101
-0.029496 0.168031 0.165044 101
-0.037656 0.156303 0.164583 101
-8.24E-4 0.07076 0.167303 101
0.020462 -0.166473 0.166518 103
0.026375 -0.167265 0.165818 103
0.037105 -0.156554 0.164847 103
0.042167 -0.096346 0.164185 102
0.042914 -0.099332 0.164194 102
0.04916 -0.12434 0.16347 102
0.048849 -0.123706 0.163558 102
0.048455 -0.122584 0.163677 102
0.065145 -0.167927 0.158464 0
0.073187 -0.168382 0.156154 0
0.232619 0.170247 -0.129507 1
0.233498 0.170526 -0.126128 1
-0.236217 0.168315 -0.112167 1
-0.237259 -0.16703 -0.105805 0
-0.238257 -0.167076 -0.099134 0
0.238181 0.166849 -0.100236 1
0.238964 0.16739 -0.091558 1
-0.239562 0.168268 -0.079014 1
-0.239789 0.168198 -0.073791 1
-0.239082 -0.166803 -0.08917 0
-0.23963 -0.166848 -0.08234 0
-0.239385 0.167096 -0.057095 1
-0.239661 0.168601 -0.068842 1
-0.236498 0.166539 -0.032971 1
-0.237775 0.166577 -0.040411 1
-0.236354 -0.167819 -0.032289 0
-0.237813 -0.167259 -0.042593 0
-0.238664 -0.167356 -0.048773 0
-0.23526 -0.168172 -0.027006 0
0.232312 -0.167639 -0.013518 0
0.233725 -0.167774 -0.019105 0
0.066461 0.166388 0.158 1
-0.062891 -0.168232 -0.30354 0
-0.068822 -0.168324 -0.301709 0
0.071308 0.1671 -0.300729 1
-0.123068 -0.171623 -0.277902 0
-0.125938 0.169384 -0.276193 1
-0.117125 0.168586 -0.281503 1
-0.03279 -0.164587 -0.261228 3
-0.032324 -0.194388 -0.261324 3
-0.005314 0.137639 -0.263975 104
-0.01613 0.13339 -0.263309 104
-0.010916 0.12088 -0.263633 104
-0.004077 0.138141 -0.264052 104
-0.011429 0.154411 -0.263596 104
-0.005518 0.105579 -0.263993 104
-0.004399 0.081369 -0.264082 4
-0.02188 0.030271 -0.262895 5
-0.009174 0.019275 -0.263804 5
-0.013944 0.009502 -0.263494 5
-0.013883 -0.03007 -0.263573 5
-0.019369 -0.036796 -0.263104 5
-0.014132 -0.047516 -0.263563 5
-0.027009 -0.102733 -0.262298 2
-0.020098 -0.160604 -0.263023 2
-0.009513 -0.187551 -0.264016 6
0.016766 0.191315 -0.263289 7
0.030075 0.190444 -0.261778 7
0.019321 0.08726 -0.262995 8
0.023577 0.09819 -0.262521 8
0.021264 0.078347 -0.262793 8
0.019255 0.070493 -0.263008 8
0.028887 0.061838 -0.261978 8
0.01843 -0.053848 -0.263207 9
0.01627 -0.044388 -0.263407 9
0.034227 -0.096934 -0.261004 9
0.032945 -0.087434 -0.261224 9
0.0338 -0.188056 -0.261073 9
0.0353 -0.182588 -0.260819 9
0.039293 -0.171245 -0.260135 9
0.012408 -0.210227 -0.263703 6
0.015592 -0.221673 -0.263449 6
0.040563 0.171002 -0.259623 10
0.032908 0.184903 -0.261193 10
0.03786 0.162226 -0.260173 10
0.03897 0.15424 -0.25995 10
0.041632 0.142254 -0.259416 10
0.036967 0.053576 -0.26038 8
0.035846 0.044077 -0.260594 8
0.042877 0.036633 -0.25922 8
0.04491 0.034112 -0.258824 8
0.032423 -0.078085 -0.261326 9
-0.076012 0.171175 -0.248372 11
-0.074891 0.177925 -0.24886 11
-0.077828 0.036785 -0.24758 12
-0.083738 0.052638 -0.244964 12
-0.07042 0.019559 -0.250895 12
-0.071438 8.57E-4 -0.25043 12
-0.081894 -0.221696 -0.245593 105
-0.088263 -0.206581 -0.242574 105
-0.086607 -0.204951 -0.243358 105
-0.083364 0.221464 -0.245112 11
-0.083003 0.220573 -0.245272 11
-0.07029 0.019415 -0.250939 12
-0.070219 0.019152 -0.250965 12
-0.08819 -0.171429 -0.242619 106
-0.086587 -0.184937 -0.243373 106
-0.074386 -0.186592 -0.249142 106
-0.087124 -0.19088 -0.243122 105
-0.06871 0.137647 -0.25154 11
-0.067468 0.152931 -0.251958 11
-0.061019 0.120883 -0.254098 11
-0.068873 0.137544 -0.251486 11
-0.062147 0.104113 -0.253725 11
-0.062481 0.113791 -0.253617 11
-0.062235 0.096618 -0.2537 11
-0.062154 0.0627 -0.253731 11
-0.042751 -0.036729 -0.259368 12
-0.0445 -0.040122 -0.25889 12
-0.04978 -0.053665 -0.257459 12
-0.041752 -0.065115 -0.259649 12
-0.05838 -0.093767 -0.255088 13
-0.05283 -0.221682 -0.256622 3
-0.052711 0.203022 -0.256862 15
-0.055938 -0.003083 -0.255929 12
-0.048148 -0.019011 -0.257912 12
-0.042455 -0.035241 -0.25945 12
0.046211 0.130853 -0.258491 16
0.057691 0.120673 -0.2551 16
0.053917 0.112442 -0.256217 16
0.051742 0.063756 -0.256857 17
0.049949 -0.019032 -0.257395 8
0.050224 -0.007973 -0.257317 8
0.052083 -0.029405 -0.256818 8
0.047751 -0.036785 -0.258008 8
0.047432 -0.042256 -0.258103 8
0.045479 -0.154448 -0.25863 9
0.056552 -0.219233 -0.255647 9
0.070962 0.212733 -0.250347 107
0.066592 0.221287 -0.252087 107
0.073333 0.159457 -0.249405 18
0.086293 0.077186 -0.243458 19
0.082963 0.087122 -0.245095 19
0.072743 -0.179254 -0.249841 108
0.087262 -0.171848 -0.243119 108
0.077188 -0.187844 -0.247781 108
0.072476 -0.206764 -0.249933 108
0.078981 -0.221351 -0.24692 108
0.077629 0.10534 -0.247732 19
0.080291 0.103889 -0.246417 19
0.078403 0.103003 -0.247349 19
0.092054 0.04333 -0.240637 19
0.102559 -0.137 -0.234423 20
0.102719 -0.137407 -0.234331 20
0.095357 -0.145602 -0.238568 20
-0.125934 0.124447 -0.217072 22
-0.116 0.134032 -0.224981 22
-0.112856 0.137113 -0.227484 22
-0.104615 0.087591 -0.232967 22
-0.107641 0.094027 -0.23095 22
-0.114289 0.012508 -0.226416 13
-0.10178 -0.011333 -0.234937 13
-0.108579 0.00101 -0.230265 13
-0.113861 -0.087817 -0.226592 21
-0.114739 -0.074369 -0.225978 21
-0.113215 -0.104614 -0.227049 21
-0.112989 -0.093408 -0.227207 21
-0.113778 -0.109273 -0.226652 21
-0.114363 -0.121395 -0.22624 21
-0.114138 -0.1256 -0.226398 21
-0.110402 -0.197469 -0.229027 21
-0.100085 0.136451 -0.235977 22
0.114169 0.204453 -0.226373 24
0.121134 0.20809 -0.221211 24
0.114649 0.196409 -0.226023 24
0.114411 0.187685 -0.2262 24
0.118129 0.174478 -0.22345 24
0.117189 0.070275 -0.224181 24
0.117409 0.066595 -0.224017 24
0.125444 5.01E-4 -0.217338 24
0.123536 0.013071 -0.219056 24
0.122985 0.019096 -0.219515 24
0.12992 -0.018582 -0.213567 24
0.129808 -0.016748 -0.213671 24
0.126785 -0.116965 -0.216238 27
0.129503 -0.110102 -0.213975 27
0.178391 -0.168956 -0.232493 0
0.182913 -0.170768 -0.227143 0
0.188663 -0.169944 -0.220378 0
-0.202465 0.164644 -0.200815 1
-0.196671 0.166724 -0.209219 1
-0.192948 0.166703 -0.214658 1
-0.185604 0.168139 -0.223959 1
-0.138085 0.197125 -0.205591 26
-0.131081 0.198383 -0.212208 26
-0.130144 0.188635 -0.213098 26
-0.130827 0.181953 -0.212451 26
-0.13007 0.171871 -0.213164 26
-0.130034 0.166226 -0.213199 26
-0.142286 6.19E-4 -0.200955 26
-0.138678 -0.07104 -0.204825 26
-0.136869 -0.063772 -0.206647 26
-0.135742 -0.08787 -0.207794 26
-0.13509 -0.077959 -0.208448 26
-0.135889 -0.104645 -0.207644 26
-0.135903 -0.095839 -0.207627 26
-0.135873 -0.11254 -0.207661 26
-0.135499 -0.18854 -0.208035 26
-0.134901 -0.178021 -0.208638 26
-0.134634 -0.205301 -0.208924 26
-0.135314 -0.195213 -0.208216 26
-0.137571 -0.212392 -0.205921 26
-0.133321 -0.222083 -0.210262 26
0.12936 0.22114 -0.213861 24
0.135791 -0.069991 -0.207721 24
0.135839 -0.061592 -0.207685 24
0.136216 -0.086882 -0.207299 24
0.135928 -0.078883 -0.207594 24
0.140656 -0.102709 -0.202891 24
0.135983 -0.187566 -0.207549 27
0.136591 -0.181341 -0.206955 27
0.136699 -0.20433 -0.206839 27
0.136268 -0.197777 -0.20727 27
0.134167 -0.221091 -0.209322 27
0.132189 -0.208883 -0.211274 27
-0.209699 0.171293 -0.188221 1
-0.201181 -0.167839 -0.202547 0
-0.153218 0.205708 -0.187697 34
-0.156245 0.210274 -0.183636 34
-0.1569 0.222483 -0.18273 34
-0.154225 0.197699 -0.186337 34
-0.158953 0.194724 -0.179978 34
0.152878 0.090497 -0.188073 29
0.152888 0.103805 -0.188055 29
0.154636 0.032822 -0.185913 30
0.142739 -0.137259 -0.200534 109
0.142325 -0.152007 -0.201022 109
0.141287 -0.154028 -0.20226 109
0.141482 -0.154743 -0.202027 109
0.155192 0.135189 -0.185156 28
0.153007 0.10715 -0.187906 29
0.151871 -0.117514 -0.189635 110
0.153718 -0.120519 -0.187008 110
0.151626 -0.179833 -0.18996 111
0.155991 -0.187619 -0.183776 111
0.151501 -0.213707 -0.190099 112
0.153741 -0.221181 -0.186922 112
0.216357 0.173258 -0.175338 1
-0.163061 0.172029 -0.173269 34
-0.162003 0.177913 -0.175004 34
-0.160618 0.188848 -0.177262 34
-0.162828 0.162672 -0.173651 34
-0.175273 0.047414 -0.150454 113
-0.172622 0.043306 -0.155767 113
-0.172532 0.037086 -0.155962 113
-0.172741 0.030372 -0.15556 113
-0.171135 -0.015296 -0.158906 114
-0.170465 -0.019117 -0.160311 114
-0.165284 -0.076879 -0.169472 33
-0.167846 -0.087553 -0.165002 33
-0.167643 -0.093469 -0.165355 33
-0.170582 -0.093251 -0.160227 33
-0.177172 -0.104361 -0.146007 33
-0.168398 -0.171447 -0.164018 33
-0.168191 -0.159824 -0.164389 33
-0.167396 -0.188226 -0.165778 33
-0.168734 -0.175662 -0.163435 33
-0.166867 -0.205003 -0.166701 33
-0.167677 -0.19476 -0.165288 33
-0.162701 -0.216588 -0.174036 33
-0.177902 -0.212409 -0.144326 115
-0.171887 -0.221772 -0.15744 115
-0.162432 0.195576 -0.174297 34
0.161581 -0.094607 -0.175802 35
0.161364 -0.136303 -0.176147 38
0.162453 -0.13516 -0.174277 38
0.161666 -0.137317 -0.175628 38
0.16425 -0.160001 -0.171194 39
0.166816 -0.170894 -0.166799 39
0.169672 -0.178964 -0.161917 39
0.179326 0.177613 -0.140972 36
0.177903 0.15779 -0.144231 36
0.178246 0.053763 -0.14349 36
0.17822 0.055969 -0.143552 36
0.17872 0.037442 -0.142457 36
0.175879 -0.100954 -0.148803 37
0.171837 -0.087026 -0.157394 37
-0.230458 -0.168007 -0.137817 0
0.18329 8.25E-4 -0.129279 36
0.182884 0.004474 -0.130489 36
0.180376 0.019404 -0.137686 36
0.183853 -0.001213 -0.127681 36
0.171449 -0.053157 -0.158266 37
0.171457 -0.056035 -0.158251 37
0.172435 -0.070124 -0.156131 37
0.172077 -0.040071 -0.156968 37
0.172191 -0.075095 -0.156657 37
0.172131 -0.187676 -0.156735 39
0.176244 -0.169519 -0.148054 38
0.172726 -0.194905 -0.155499 39
0.22659 -0.169271 -0.150568 0
0.22797 -0.169551 -0.146106 0
0.23129 -0.167946 -0.135327 0
-0.183692 0.20507 -0.127235 40
-0.185489 0.207051 -0.121256 40
-0.185053 0.221811 -0.122731 40
-0.183887 0.197478 -0.126584 40
-0.183604 0.188311 -0.127522 40
-0.184018 0.18116 -0.126142 40
-0.186028 0.116956 -0.119472 40
-0.183994 0.11158 -0.126246 40
-0.184853 0.104429 -0.123389 40
-0.184056 0.097606 -0.126033 40
-0.185641 0.087649 -0.120777 40
-0.184191 0.077248 -0.125587 40
-0.183427 0.070874 -0.128126 40
-0.182125 0.056918 -0.132468 40
-0.187354 -0.018965 -0.114442 42
-0.180337 -0.078547 -0.137558 41
-0.186782 -0.124854 -0.11641 41
-0.185818 -0.137906 -0.120029 41
-0.185621 -0.146227 -0.120768 41
0.17953 0.137586 -0.140308 36
0.179694 0.136202 -0.139818 36
0.186443 -0.120635 -0.117602 44
0.186303 -0.107776 -0.118108 44
-0.191404 0.16769 -0.086345 48
-0.188015 0.111308 -0.109933 40
-0.189736 0.087559 -0.100475 48
-0.189583 0.072311 -0.101754 48
-0.191378 0.07385 -0.086586 48
-0.191351 0.05385 -0.086782 42
-0.19123 0.055223 -0.087808 42
-0.19139 0.05448 -0.086449 42
0.185631 0.204745 -0.120714 45
0.185089 0.219757 -0.123185 45
0.188478 0.211923 -0.108675 45
0.185397 0.20137 -0.1217 45
0.184804 0.187975 -0.124141 45
0.184957 0.186337 -0.123496 45
0.185264 -0.018603 -0.12203 36
0.185588 -0.027639 -0.120858 36
0.188053 -0.083439 -0.11049 36
0.189174 -0.087105 -0.104293 36
0.184751 -0.127855 -0.123743 44
0.183459 -0.221234 -0.128466 47
0.188407 0.155017 -0.108898 46
0.188712 0.154577 -0.106838 46
0.190096 0.149425 -0.097466 46
0.190225 -0.210561 -0.098619 44
0.191408 -0.221389 -0.085386 44
-0.190496 0.204937 -0.094023 116
-0.189458 0.20816 -0.102923 116
-0.191568 0.165779 -0.080738 48
-0.189407 0.097338 -0.103252 48
-0.191498 0.066741 -0.082584 42
-0.19145 0.070735 -0.084195 42
-0.189465 0.045423 -0.102899 42
-0.191649 0.04512 -0.078117 51
-0.191914 -0.203589 -0.079315 43
-0.19142 -0.198755 -0.085417 43
-0.190565 -0.192445 -0.095976 43
0.191907 0.210431 -0.075305 49
0.190527 -0.02205 -0.09616 117
0.191514 -0.036585 -0.084435 117
0.191404 -0.115901 -0.086028 36
-0.191394 0.202302 -0.086325 48
-0.191469 0.137754 -0.06208 57
-0.191896 0.147519 -0.069534 57
-0.191366 0.128394 -0.060279 57
-0.191768 -0.070418 -0.064457 52
-0.191776 -0.066758 -0.065694 52
-0.191754 -0.059718 -0.062121 52
-0.191822 -0.087358 -0.070397 52
-0.191763 -0.10247 -0.063594 52
-0.191776 -0.073642 -0.065217 52
0.191478 0.2154 -0.058481 49
0.191607 0.22182 -0.062907 49
0.191447 0.144482 -0.058742 53
0.19169 0.01968 -0.065972 54
0.191754 0.029199 -0.069564 54
0.191629 0.016034 -0.060948 54
0.191827 -0.129042 -0.081356 55
-0.190297 -0.068279 -0.047126 52
-0.191555 -0.171126 -0.059963 52
-0.191189 -0.160534 -0.056105 52
-0.19151 -0.187899 -0.05962 52
-0.191335 -0.175858 -0.057674 52
-0.191148 -0.204625 -0.055643 52
-0.191623 -0.189601 -0.060801 52
-0.191442 -0.221438 -0.058471 52
-0.191536 -0.207488 -0.059656 52
0.190339 0.20506 -0.0488 49
0.189847 0.191048 -0.044623 49
0.190104 0.188303 -0.0469 49
0.189878 0.072727 -0.044581 64
0.189895 0.070939 -0.044752 64
0.189686 0.070217 -0.042833 64
0.190727 -0.012339 -0.051068 65
0.190645 -0.018676 -0.050091 65
0.190952 -0.053463 -0.053291 117
0.191586 -0.039755 -0.060315 117
0.191279 -0.03004 -0.057059 65
0.191368 -0.064454 -0.058147 117
0.190441 -0.069631 -0.047469 117
0.187646 -0.077279 -0.031231 66
0.189967 -0.070349 -0.044724 66
0.188171 -0.137549 -0.034276 67
0.188242 -0.134384 -0.034695 67
0.190342 -0.204656 -0.046969 58
-0.187684 -0.012272 -0.031772 52
-0.180198 0.103948 -0.006079 52
-0.180268 0.106527 -0.006283 52
-0.186767 -0.120552 -0.027863 61
-0.185693 -0.10839 -0.024044 61
-0.186622 -0.121829 -0.02735 61
0.189546 0.210457 -0.041866 118
0.186926 0.20889 -0.029177 118
0.188583 0.221846 -0.037152 118
0.18953 0.185374 -0.041909 64
0.18638 0.171535 -0.026595 64
0.186011 -0.024001 -0.025098 64
0.184156 -0.07341 -0.018179 66
0.187728 -0.150431 -0.031613 67
0.187705 -0.18634 -0.031601 67
0.186292 0.170825 -0.026168 64
0.187173 0.154769 -0.030457 64
0.186904 0.141584 -0.029113 64
0.187986 0.054133 -0.034328 64
0.188243 0.046229 -0.035576 64
0.187902 0.037138 -0.033881 64
0.188608 0.026345 -0.037521 64
0.189436 -0.221421 -0.041843 58
0.190435 -0.205406 -0.047509 58
-0.175631 0.187687 0.00509 52
-0.174551 0.191693 0.00761 52
-0.175737 0.180615 0.004848 52
-0.175403 0.080605 0.00559 52
-0.175464 0.070368 0.005442 52
-0.176229 0.061689 0.003664 52
-0.179361 -0.153965 -0.00435 61
-0.176508 -0.166221 0.0032 61
-0.181461 -0.167967 -0.009918 61
0.175151 0.207724 0.00629 119
0.177196 0.221816 0.00113 119
0.178675 0.019743 -0.002632 69
0.177325 0.023626 9.06E-4 69
0.179247 0.037159 -0.004109 69
0.181791 0.046477 -0.010659 69
0.17853 0.001173 -0.002222 69
0.180834 0.015627 -0.008239 69
0.176716 -0.007008 0.00268 69
0.179301 -0.137519 -0.00396 66
0.180463 -0.129737 -0.007187 66
0.229091 0.167384 -0.001114 1
0.225897 0.168447 0.007739 1
0.223117 0.168058 0.015581 1
-0.230497 0.173391 -0.006733 1
-0.223011 -0.167412 0.016047 0
-0.218631 -0.167871 0.026131 0
-0.176493 -0.141117 0.003243 72
-0.172363 -0.146726 0.011856 72
-0.169251 -0.150549 0.018341 72
0.176605 -0.070281 0.002801 69
0.174912 -0.060039 0.006482 69
0.174267 -0.053331 0.007863 69
0.177795 -0.101256 2.02E-4 120
0.176442 -0.104003 0.003143 120
0.170915 -0.119851 0.015166 120
0.173727 -0.160909 0.009056 70
0.174201 -0.171074 0.008019 70
0.177898 -0.179353 -6.6E-5 70
-0.164441 -0.070005 0.026493 121
-0.167303 -0.056965 0.021639 121
-0.160649 -0.065467 0.032905 121
-0.172058 -0.160404 0.012485 61
-0.164335 0.155081 0.027024 71
-0.163884 0.154093 0.027706 71
-0.164846 0.145176 0.026257 71
-0.159942 0.129371 0.033674 71
-0.161239 0.120547 0.031713 71
-0.163516 0.106013 0.02828 71
-0.163717 -0.076118 0.027716 121
-0.160609 -0.08214 0.032967 121
-0.158601 -0.103585 0.035771 73
-0.156001 -0.09475 0.039416 73
-0.150877 -0.101235 0.046587 73
-0.152507 -0.106378 0.044304 73
0.152625 0.205305 0.04407 75
0.153594 0.213077 0.042745 75
0.148991 0.21013 0.048976 75
0.153867 0.188516 0.042392 75
0.153184 0.195544 0.04331 75
0.161712 0.171655 0.031047 75
0.164971 0.183118 0.025707 75
0.159016 0.17827 0.035456 75
0.149512 0.172492 0.04826 75
0.154495 0.087876 0.041535 75
0.153809 0.095357 0.042475 75
0.155246 0.071014 0.040508 75
0.156005 0.082164 0.039479 75
0.152332 0.059052 0.044487 75
0.170674 -0.12082 0.01559 120
0.168882 -0.116715 0.018745 120
0.168779 -0.036269 0.018971 69
0.170593 -0.12149 0.015733 120
-0.204141 0.165555 0.053747 1
-0.210586 0.1709 0.042357 1
-0.151327 -0.041255 0.046006 122
-0.155029 -0.053191 0.040785 122
-0.14517 -0.128336 0.053235 73
-0.14619 -0.137115 0.05205 73
-0.147284 -0.142671 0.050773 73
-0.153737 -0.153863 0.04259 74
-0.150926 -0.161582 0.04653 74
-0.145295 -0.161991 0.053094 74
0.138418 0.222153 0.060787 75
0.142859 0.212914 0.055831 75
0.147178 0.024283 0.050913 75
0.148701 0.019833 0.049195 75
0.146136 9.43E-4 0.052065 75
0.148226 0.016137 0.049762 75
0.142837 -0.123037 0.056076 123
0.142923 -0.121706 0.05597 123
0.142922 -0.121562 0.055971 123
0.133574 -0.175359 0.065617 75
0.131315 -0.186135 0.067942 75
0.13446 -0.20566 0.064711 75
0.132694 -0.207806 0.066533 75
0.134351 -0.222428 0.064833 75
-0.195944 -0.166901 0.065841 0
-0.123593 0.018986 0.07456 78
-0.12693 0.007346 0.071723 78
-0.12492 6.57E-4 0.073376 78
-0.140181 -0.051949 0.059072 78
-0.139085 -0.068824 0.060156 78
-0.135969 -0.098101 0.063176 78
-0.135347 -0.103656 0.063778 78
-0.110302 0.204254 0.084883 124
-0.121439 0.216162 0.076569 124
-0.120026 0.18929 0.077601 124
-0.110405 0.187475 0.084826 124
-0.121426 0.166005 0.076567 125
-0.123824 0.167474 0.074417 125
-0.123945 0.170679 0.074305 125
-0.115666 0.110412 0.080891 81
-0.109805 0.070098 0.08523 78
-0.112459 0.063887 0.08327 78
0.125691 -0.003845 0.072756 126
0.123305 -7.3E-5 0.074681 126
0.124607 0.015682 0.073677 126
0.125529 -0.037213 0.072908 75
0.127358 -0.049835 0.071339 75
0.12623 -0.054439 0.072306 75
0.12621 -0.060765 0.07233 75
0.123377 -0.1387 0.074729 75
0.12277 -0.133238 0.075253 75
0.131332 -0.150981 0.067917 75
0.130118 -0.187405 0.068966 75
-0.10741 -0.024793 0.086706 83
-0.110956 -0.036421 0.084234 83
-0.103574 0.221049 0.089288 127
-0.096454 0.207503 0.093673 127
-0.108039 0.209529 0.086566 127
-0.107578 -0.043607 0.086576 83
-0.103492 -0.053366 0.089362 83
-0.106215 -0.064274 0.08749 83
-0.086754 -0.072365 0.099056 86
-0.101322 -0.160021 0.090835 84
-0.108082 -0.170926 0.086217 84
-0.11069 -0.18234 0.084434 84
0.09128 0.17171 0.096526 90
0.098942 0.037033 0.092349 128
0.099036 0.037057 0.092286 128
0.084318 -0.008345 0.100351 90
0.104947 -0.103274 0.088533 90
0.096103 -0.098654 0.093759 90
0.098353 -0.088337 0.092432 90
0.100909 -0.076162 0.090925 90
0.094605 -0.071482 0.094648 90
0.182656 -0.166608 0.083253 0
0.186583 -0.166689 0.078283 0
-0.065369 0.221272 0.108154 129
-0.062976 0.215347 0.109107 129
-0.071902 0.045345 0.105614 87
-0.07112 0.005868 0.106145 87
-0.05463 -0.019635 0.111913 87
-0.063673 -0.212908 0.108764 87
-0.056289 -0.221484 0.111394 87
-0.049241 0.187838 0.113218 129
-0.049984 0.190958 0.112996 129
-0.05197 0.204556 0.112397 129
-0.051416 0.18325 0.112566 129
-0.050757 0.17105 0.112768 129
-0.047155 0.101414 0.113856 93
-0.058957 0.087122 0.110311 93
-0.047307 0.074924 0.113815 93
-0.049555 -0.131112 0.11316 87
-0.048563 -0.13771 0.113422 87
-0.052331 -0.150724 0.11245 87
-0.040111 0.104047 0.115318 92
-0.030868 0.090762 0.117235 92
-0.04108 -0.01437 0.115243 94
0.037835 0.222021 0.115932 130
0.052574 0.205551 0.112463 130
0.053678 -0.11515 0.111928 89
0.027145 -0.112159 0.117884 100
0.078192 0.188511 0.103021 131
0.077822 0.195099 0.103185 131
0.077178 0.205266 0.103455 131
0.076663 0.180631 0.103684 131
0.07619 0.087951 0.103879 90
0.075395 0.09732 0.104236 90
0.078106 0.071095 0.103058 90
0.07776 0.077692 0.103216 90
0.080688 0.054144 0.101966 90
0.078959 0.059259 0.102708 90
0.077706 0.043466 0.103238 90
0.059657 -0.132679 0.110244 132
0.071432 -0.125946 0.105796 132
0.075399 -0.138009 0.1043 132
0.078908 0.222011 0.102694 131
0.076994 0.21457 0.103529 131
0.083897 -0.021039 0.100428 90
0.08118 -0.031042 0.101653 90
0.081464 -0.03751 0.101464 90
0.082701 -0.054552 0.100819 90
0.083514 -0.045711 0.100454 90
-0.134968 0.164626 0.126104 1
-0.144432 0.16891 0.11906 1
-0.019292 0.171326 0.118593 92
-0.023371 0.180751 0.118115 92
-0.022332 0.162918 0.118241 92
-0.034329 0.107715 0.116517 92
-0.01703 0.207974 0.118854 92
-0.017691 0.221635 0.118792 92
-0.01358 0.05384 0.119186 96
-0.009691 0.066031 0.119321 96
-0.010955 0.070792 0.11928 96
-0.004616 0.043302 0.119487 96
-0.009711 -0.07087 0.119406 133
-0.022602 -0.058338 0.118442 133
-0.009272 0.07582 0.119329 96
0.007056 -0.087733 0.119545 97
0.006844 -0.100832 0.119554 97
0.030128 0.199065 0.117193 98
0.020272 -0.071031 0.11854 97
0.016472 -0.059587 0.118926 97
0.022483 -0.171664 0.118368 134
0.014792 -0.159709 0.119106 134
0.021584 -0.176642 0.118453 134
0.025026 -0.188437 0.118128 134
0.022204 -0.205198 0.118391 134
0.024236 -0.203004 0.118199 134
0.024622 -0.207013 0.118161 134
0.019964 -0.221919 0.118594 134
0.034662 -0.163107 0.116472 100
-0.080383 0.166756 0.153565 1
0.112161 0.167582 0.139615 1
0.106594 0.167356 0.142595 1
-0.041625 0.094347 0.164376 101
-0.041455 -0.089311 0.164183 102
-0.036207 -0.083455 0.164698 102
-0.029197 -0.078154 0.165838 102
-0.048675 -0.105355 0.163119 102
-0.045642 -0.101155 0.163764 102
-0.04957 -0.119819 0.163049 102
-0.048231 -0.118183 0.163379 102
-0.044933 0.138752 0.169809 101
0.016094 -0.074022 0.173903 102
0.005606 -0.072708 0.167013 102
0.049007 0.119902 0.167987 101
0.045827 0.133581 0.165297 101
0.045011 0.135887 0.165221 101
0.037691 0.15168 0.168219 101
0.048075 0.11373 0.163699 101
0.029856 -0.083329 0.165508 102
0.02355 -0.078219 0.175615 102
0.047891 -0.109545 0.167731 102
0.040069 0.08873 0.164435 101
0.02993 0.0807 0.165606 101
0.027494 0.078747 0.165988 101
0.048584 0.10477 0.163314 101
0.044026 0.094798 0.163629 101
0.084 -0.167955 0.152138 0
0.082466 -0.170116 0.152599 0
-0.048685 0.118355 0.163697 101
-0.016834 -0.168553 0.17239 103
-0.02086 -0.166567 0.166634 103
0.018867 0.166811 0.175618 101
0.019734 0.165352 0.166692 101
0.032228 0.156013 0.165389 101
-0.024249 0.168535 -0.31072 1
-0.046045 -0.168304 -0.307472 0
-0.052626 -0.16789 -0.30595 0
-0.035585 -0.168281 -0.309172 0
0.028008 -0.167526 -0.31031 0
0.036629 -0.168701 -0.309121 0
0.059177 -0.167745 -0.304396 0
0.052994 -0.168446 -0.305961 0
0.117958 0.166886 -0.28088 1
0.105462 -0.167683 -0.287456 0
0.099888 -0.167942 -0.29024 0
-0.15223 -0.168206 -0.257518 0
-0.148214 -0.168649 -0.260583 0
-0.15615 -0.16842 -0.254073 0
0.167335 0.170318 -0.243894 1
0.158664 0.167878 -0.251849 1
0.155016 -0.167064 -0.255254 0
0.160666 -0.16777 -0.250097 0
0.167053 -0.167944 -0.244279 0
0.172016 -0.169094 -0.239109 0
0.179137 0.165893 -0.231639 1
0.169444 0.170069 -0.241689 1
0.18378 0.166 -0.226051 1
0.224885 -0.169316 -0.155042 0
0.232775 -0.167988 -0.129172 0
0.234982 -0.168056 -0.119753 0
0.236041 -0.168235 -0.113637 0
0.239599 0.170661 -0.061805 1
0.239103 0.168621 -0.05552 1
-0.163204 -0.166914 0.103374 0
-0.167942 -0.167011 0.099022 0
0.173626 0.170056 0.093158 1
0.171051 0.169914 0.09567 1
0.161771 0.165061 0.104869 1
-0.123593 0.17041 0.133203 1
0.153714 0.167685 0.111697 1
0.096596 0.168122 0.14714 1
-0.040832 0.154816 0.164068 101
-0.029262 0.081766 0.165717 101
-0.041426 0.094176 0.164413 101
-0.019769 -0.07393 0.16648 102
-0.014384 -0.071588 0.167045 102
-0.028988 0.081695 0.165748 101
-0.028264 0.081403 0.165797 101
-4.98E-4 -0.071207 0.167159 102
0.002137 -0.07058 0.167263 102
0.014036 0.072667 0.166971 101
0.001182 0.071084 0.167236 101
0.030835 -0.083485 0.165422 102
0.030072 -0.083083 0.165517 102
0.016957 0.07366 0.166695 101
0.041374 -0.095545 0.164334 102
0.049176 -0.125308 0.163465 102
0.239485 -0.167913 -0.081199 0
-0.050622 0.12132 0.163096 101
0.05006 0.109134 0.16289 101
-0.066339 0.167702 -0.302695 1
-0.07194 0.167411 -0.300867 1
-0.05558 0.16822 -0.30532 1
0.009675 0.170608 -0.311737 1
0.043435 -0.167588 -0.307838 0
0.090519 -0.167529 -0.294139 0
-0.152958 0.166657 -0.256707 1
0.143787 -0.172155 -0.263988 0
-0.217046 -0.168424 -0.174161 0
0.220729 0.166857 -0.165472 1
0.235861 0.1679 -0.114191 1
0.237395 0.167786 -0.105628 1
-0.239776 -0.16867 -0.065496 0
-0.239733 -0.168919 -0.070066 0
-0.238757 0.167087 -0.050405 1
-0.239434 -0.168464 -0.060511 0
0.236845 -0.167104 -0.035041 0
0.238861 -0.171541 -0.048841 0
0.2357 -0.167451 -0.029107 0
0.231499 0.16891 -0.010027 1
-0.226257 -0.166647 0.006896 0
0.221912 -0.166845 0.018318 0
-0.195774 0.172682 0.066095 1
-0.175123 -0.167062 0.091502 0
0.181776 0.169054 0.084051 1
0.174132 -0.168979 0.092569 0
0.120664 -0.17027 0.134829 0
0.117118 -0.17043 0.136945 0
-0.069582 -0.168033 0.157256 0
0.074639 -0.170241 0.155573 0
-0.02662 -0.164948 0.16611 103
-0.034579 -0.167454 0.164958 103
-0.018833 0.075665 0.169889 101
0.02268 0.165522 0.166368 101
0.0295 0.167372 0.165424 101
0.045489 -0.156079 0.163079 103
22.345964 0.683436 1433.265236
22.56833 0.68783 1380.987606
0.574738 0.988387 0.098569
0.354218 0.92355 0.296009
0.135144 0.979843 0.004298
0.464933 0.986901 0.076893
0.327468 0.866591 0.300075
0.23456 0.818178 0.210248
1.115434 0.989813 0.471266
1.210225 0.977284 1.161456
0.508147 0.982919 0.122077
1.076599 0.945026 1.449911
0.97225 0.988468 0.467571
1.005504 0.987488 0.493804
0.358082 0.982563 0.048334
0.123449 0.840004 0.10271
0.236137 0.991638 0.013011
0.118421 0.993807 0.006637
0.164099 0.990066 0.01111
0.355709 0.997745 0.030432
0.15615 0.997596 0.002902
0.78939 0.995427 0.200236
0.46118 0.992083 0.100848
0.102434 0.570534 0.103534
1.923908 0.974767 3.241756
0.11783 0.735619 0.085256
2.423127 0.980719 4.256218
0.629526 0.958385 0.464023
0.194441 0.989996 0.01729
0.282227 0.992929 0.016837
0.026318 0.99332 3.3E-5
0.164579 0.987892 0.006411
0.117057 0.992669 0.00432
0.885669 0.980099 0.687654
0.757257 0.960175 0.827554
0.087495 0.987831 0.001843
2.000447 0.977916 2.366881
0.427387 0.992217 0.058889
0.261096 0.982803 0.044081
0.2922 0.969086 0.041005
1.256227 0.973029 1.472723
0.652205 0.990982 0.228245
1.517365 0.983198 1.051956
0.46951 0.895255 0.588899
0.746708 0.935726 1.331026
0.409916 0.798739 0.962078
0.26188 0.984815 0.024702
0.136475 0.815614 0.096333
0.870056 0.984453 0.530969
0.444352 0.806555 0.7562
0.073878 0.95916 0.002023
0.124754 0.980494 0.004055
2.848046 0.972064 6.695908
0.167202 0.978257 0.017214
0.298273 0.987924 0.036794
0.229671 0.985157 0.031243
0.135321 0.755424 0.146453
0.249285 0.986998 0.019528
0.220452 0.893331 0.157058
0.035332 0.989532 5.12E-4
0.091161 0.989676 0.004385
1.146931 0.961456 1.830716
0.321447 0.843941 0.245515
0.005117 0.973054 1.4E-5
1.252828 0.989001 0.558616
0.411933 0.988352 0.070056
0.563929 0.979518 0.165668
0.394114 0.994686 0.059715
0.172488 0.864169 0.108373
0.726161 0.98801 0.216376
0.25403 0.988397 0.01927
0.340289 0.994261 0.043843
0.212943 0.985796 0.024849
0.46129 0.99238 0.058404
0.444127 0.923845 0.318499
2.958159 0.967004 9.26984
0.093174 0.691628 0.062453
0.082437 0.74177 0.050598
1.196304 0.982915 0.643383
0.031668 0.964256 3.05E-4
0.155023 0.98033 0.015804
0.432361 0.982215 0.163881
0.10141 0.684258 0.069402
0.289553 0.986544 0.034718
0.386491 0.908527 0.368574
0.021287 0.986129 2.07E-4
0.513056 0.98746 0.145154
1.893908 0.969248 3.511318
0.777909 0.990455 0.150841
0.239544 0.982312 0.028292
1.681729 0.982479 2.103616
0.124887 0.774469 0.104791
0.781929 0.959204 0.762417
0.612338 0.988477 0.178051
0.12778 0.99077 0.010636
0.362345 0.888148 0.324352
0.373957 0.993082 0.050589
0.370625 0.98326 0.060253
0.494441 0.943936 0.329867
0.136496 0.992424 0.004975
0.283601 0.986162 0.023955
24.928908 0.768249 241.239182
14.322837 0.715652 103.917083
8.322659 0.826243 24.009152
0.313923 0.984018 0.059456
0.171122 0.862672 0.123048
0.139499 0.981578 0.009409
0.050824 0.624666 0.019812
0.374061 0.873927 0.359695
0.096343 0.97966 0.005382
0.023412 0.968486 2.19E-4
0.057426 0.976336 0.00192
0.045133 0.68999 0.011032
0.105173 0.98755 0.005925
0.021324 0.994602 2.87E-4
0.088282 0.572219 0.076953
0.049579 0.908034 0.005453
0.434062 0.984053 0.099847
0.14945 0.756293 0.135781
0.079915 0.625179 0.056308
0.187852 0.978884 0.024011
0.232966 0.990377 0.017575
0.072243 0.982625 0.005132
0.007793 0.986813 6.0E-6
0.265654 0.929121 0.12713
0.035463 0.99066 7.13E-4
0.107224 0.994167 0.005128
0.156321 0.758049 0.133887
6.11E-4 0.950096 0.0
0.294933 0.86664 0.238202
0.11803 0.685002 0.109696
0.225248 0.848896 0.164196
0.139223 0.98424 0.010849
0.093764 0.975209 0.006341
0.362818 0.92115 0.253946
0 1 226
2 3 279
3 4 280
5 6 339
6 7 340
8 9 355
9 10 356
11 4 399
12 13 418
13 14 419
11 15 420
15 16 421
17 18 550
18 19 551
20 21 575
22 23 578
23 24 579
25 26 580
27 28 591
29 30 596
30 31 597
32 33 599
33 34 600
34 35 601
35 36 602
37 38 604
38 39 605
39 40 606
40 41 607
42 43 637
44 45 640
45 46 641
47 48 644
48 49 645
49 50 646
50 51 647
52 53 654
53 54 655
42 55 661
56 57 668
58 59 683
60 61 684
61 62 685
62 63 686
63 64 687
65 64 688
66 67 712
67 68 713
69 70 732
70 66 733
71 72 746
72 73 747
74 75 790
75 76 791
77 78 842
78 79 843
80 81 854
81 82 855
83 80 857
84 85 858
86 87 860
87 88 861
88 89 862
89 90 863
91 92 864
92 90 865
93 94 869
95 96 870
96 97 871
98 99 872
100 101 876
102 103 878
103 101 879
104 105 880
106 107 888
107 108 889
98 109 897
57 110 908
110 111 909
112 113 912
114 115 914
116 117 916
117 118 917
119 120 918
121 122 924
123 124 949
125 126 960
126 127 961
128 129 966
130 131 1066
131 132 1067
133 134 1076
134 135 1077
136 137 1078
137 133 1079
138 139 1080
139 136 1081
140 141 1085
142 143 1086
143 144 1087
144 145 1088
145 146 1089
147 148 1090
148 146 1091
149 150 1096
150 151 1097
141 152 1098
152 153 1099
154 155 1108
155 156 1109
157 158 1132
159 160 1136
160 161 1137
162 161 1139
163 164 1140
164 165 1141
166 165 1142
167 168 1154
168 169 1155
170 171 1228
171 172 1229
172 173 1230
174 175 1239
175 176 1240
176 177 1241
177 178 1242
178 179 1243
180 181 1244
181 182 1245
182 183 1246
183 184 1247
184 185 1248
185 186 1249
157 187 1279
188 189 1280
189 190 1281
191 192 1288
192 193 1289
194 191 1291
195 196 1309
196 197 1310
197 198 1311
199 200 1312
201 202 1318
203 204 1348
205 206 1359
207 208 1394
208 209 1395
210 211 1435
211 212 1436
212 213 1437
214 213 1438
215 216 1465
216 217 1466
217 218 1467
218 219 1468
219 220 1469
221 222 1486
222 223 1487
224 225 1488
225 221 1489
226 227 1490
227 228 1491
229 228 1492
230 231 1494
232 233 1512
233 234 1513
235 236 1549
206 236 1550
237 238 1606
238 239 1607
240 241 1608
241 237 1609
242 240 1611
243 244 1612
244 245 1613
246 247 1617
247 248 1618
248 249 1619
249 250 1620
250 251 1621
252 253 1634
253 254 1635
255 256 1636
256 252 1637
257 258 1638
258 255 1639
259 257 1641
260 261 1655
262 263 1697
264 265 1727
265 266 1728
267 268 1739
268 269 1740
270 271 1771
271 272 1772
273 274 1773
274 270 1774
275 276 1775
277 278 1778
279 280 1779
280 278 1780
281 282 1781
282 279 1782
281 283 1783
283 284 1784
285 286 1785
287 288 1789
289 290 1796
291 292 1797
293 294 1807
294 295 1808
296 297 1892
297 298 1893
296 299 1894
299 300 1895
301 302 1896
302 300 1897
303 304 1898
304 305 1899
303 306 1900
307 308 1905
309 310 1908
311 312 1912
313 301 1989
314 315 1995
315 316 1996
316 317 1997
317 318 1998
318 319 1999
320 321 2001
322 323 2002
323 320 2003
324 325 2020
325 326 2021
327 328 2022
328 324 2023
327 321 2024
329 330 2028
331 332 2030
332 333 2031
331 334 2032
334 309 2033
335 336 2036
336 337 2037
338 339 2061
340 341 2064
342 343 2066
343 344 2067
345 346 2068
346 344 2069
345 347 2070
347 348 2071
349 350 2074
351 352 2078
352 353 2079
338 354 2090
355 356 2092
356 354 2093
357 358 2098
359 360 2170
360 361 2171
362 361 2172
363 364 2180
365 366 2184
367 368 2187
369 370 2199
371 372 2206
373 374 2252
374 375 2253
376 377 2260
378 379 2267
380 381 2276
381 382 2277
383 384 2280
385 386 2282
386 383 2283
387 388 2286
388 389 2287
389 390 2288
390 391 2289
392 393 2376
394 395 2381
395 396 2382
397 398 2383
398 399 2384
400 399 2385
401 402 2391
403 404 2393
404 405 2394
406 407 2395
407 403 2396
408 409 2412
410 408 2413
411 412 2437
412 413 2438
392 414 2477
415 416 2480
417 416 2481
418 419 2487
419 397 2488
420 421 2489
421 422 2490
401 423 2494
424 425 2497
425 426 2498
427 428 2523
429 430 2525
430 427 2526
431 432 2528
433 434 2531
435 436 2533
436 434 2534
437 438 2537
439 440 2547
441 442 2549
443 444 2551
444 445 2552
446 447 2555
447 448 2556
449 450 2565
450 451 2566
452 453 2567
453 451 2568
452 454 2569
454 455 2570
455 456 2571
457 458 2573
458 459 2574
439 459 2575
460 461 2578
462 461 2580
463 464 2584
465 466 2656
467 468 2662
469 468 2663
470 471 2677
472 473 2681
474 475 2684
476 477 2685
477 475 2686
478 479 2735
479 480 2736
481 482 2751
482 483 2752
484 485 2755
485 486 2756
484 487 2757
487 488 2758
486 489 2759
489 465 2760
490 491 2763
492 493 2765
493 494 2766
492 495 2767
495 496 2768
467 494 2769
497 498 2779
499 500 2794
501 502 2795
503 504 2799
505 506 2813
506 507 2814
508 509 2901
509 510 2902
510 511 2903
511 497 2904
512 513 2910
514 515 2922
516 498 2924
504 517 2961
517 518 2962
519 520 3034
520 521 3035
522 523 3056
524 525 3066
525 526 3067
526 527 3068
527 528 3069
528 529 3070
529 530 3071
531 532 3099
532 533 3100
533 534 3101
534 535 3102
535 536 3103
537 538 3104
538 536 3105
539 540 3106
540 541 3107
542 541 3108
543 544 3120
545 546 3142
546 547 3143
548 549 3196
550 551 3209
552 553 3210
553 551 3211
554 555 3212
555 556 3213
557 558 3239
559 560 3258
560 561 3259
562 563 3260
563 559 3261
564 565 3262
565 562 3263
566 567 3265
568 569 3275
569 570 3277
571 572 3283
573 572 3284
574 575 3292
575 576 3293
577 578 3354
578 579 3355
580 581 3379
581 582 3380
582 583 3381
583 584 3382
584 585 3383
586 587 3384
587 588 3385
589 588 3386
590 591 3390
592 593 3396
593 594 3397
595 596 3398
596 592 3399
597 598 3400
599 600 3406
601 602 3427
602 603 3428
604 605 3492
605 606 3493
607 608 3571
609 610 3586
610 611 3587
611 612 3588
612 613 3589
613 614 3590
614 615 3591
615 616 3592
616 617 3593
618 619 3594
620 621 3604
622 623 3606
623 620 3607
624 625 3608
625 626 3609
627 628 3638
629 630 3640
630 631 3641
631 632 3642
632 633 3643
634 635 3644
635 633 3645
636 637 3646
637 634 3647
638 639 3648
639 640 3649
641 642 3650
642 638 3651
643 644 3662
645 646 3665
647 648 3689
648 649 3690
649 650 3691
650 651 3692
651 652 3693
653 654 3698
655 656 3700
656 653 3701
657 658 3744
658 659 3745
660 657 3746
659 661 3748
661 662 3749
663 664 3750
664 662 3751
665 666 3752
666 667 3753
667 668 3754
669 670 3760
670 671 3761
672 673 3776
673 668 3777
674 675 3806
675 676 3807
677 678 3879
678 679 3880
677 680 3889
680 681 3890
682 683 3897
683 684 3898
685 686 3904
687 688 3905
688 689 3906
689 690 3907
691 692 3912
693 694 3919
694 695 3920
693 696 3921
696 697 3922
698 699 3923
699 697 3924
700 701 3925
701 698 3926
702 703 3929
703 704 3930
704 705 3931
706 690 3936
706 707 3937
707 708 3938
708 709 3939
710 711 3954
710 712 3955
712 713 3956
714 715 3965
715 716 3966
714 717 3968
718 719 3975
719 720 3976
721 722 3977
722 723 3978
724 725 3995
725 726 3996
727 728 3997
728 729 3998
729 730 3999
730 718 4000
731 732 4009
732 652 4010
733 734 4011
734 731 4012
735 736 4013
736 733 4014
737 738 4015
738 735 4016
739 737 4018
740 741 4019
741 742 4020
743 744 4021
744 740 4022
745 746 4027
746 747 4028
748 749 4065
749 750 4066
751 752 4127
752 753 4128
754 755 4145
755 681 4146
754 756 4163
756 757 4164
758 759 4181
759 760 4182
761 762 4201
762 763 4221
763 764 4222
765 766 4310
767 768 4319
768 769 4320
769 770 4321
771 772 4324
773 774 4364
774 775 4365
776 777 4468
777 778 4469
779 780 4472
780 781 4473
776 782 4488
782 783 4489
784 785 4506
785 781 4507
786 787 4819
787 788 4820
789 790 4823
789 791 4826
792 793 4828
793 794 4829
795 796 4832
796 797 4833
798 799 4834
799 795 4835
800 801 4836
1 800 4838
797 802 4840
802 803 4841
10 5 4848
804 805 4849
805 806 4850
807 808 4851
808 804 4852
809 810 4861
810 811 4862
812 813 4880
813 73 4881
814 815 4886
815 130 4887
816 817 4902
817 76 4903
132 818 4904
818 819 4905
232 820 4926
820 821 4927
205 203 4942
264 822 4946
822 823 4947
235 824 4962
824 825 4963
266 826 4966
826 827 4967
828 829 4978
829 827 4979
830 831 4980
831 832 4981
833 834 5000
834 835 5001
836 837 5012
836 838 5014
839 840 5015
840 841 5016
842 843 5044
843 844 5045
845 846 5048
846 411 5049
844 847 5068
847 848 5069
849 850 5072
850 851 5073
852 853 5080
853 854 5081
480 855 5087
855 856 5088
857 858 5105
858 547 5106
521 859 5109
859 860 5110
606 861 5125
861 862 5126
862 863 5127
863 518 5128
579 864 5129
864 865 5130
545 866 5141
866 867 5142
868 869 5143
869 577 5144
870 871 5145
871 872 5146
868 873 5198
873 874 5199
875 876 5200
876 679 5201
877 878 5252
878 745 5253
676 879 5254
879 750 5255
753 880 5256
880 881 5257
882 883 5263
884 885 5266
886 887 5278
887 888 5279
889 772 5286
890 891 5298
891 892 5299
893 894 5305
895 896 5314
896 897 5315
898 899 5319
295 900 5356
900 901 5357
835 902 5358
902 828 5359
832 903 5360
903 904 5361
905 906 5364
906 837 5365
833 907 5366
907 908 5367
904 909 5368
909 910 5369
911 912 5374
912 908 5375
849 913 5386
913 914 5387
915 916 5388
916 917 5389
852 918 5394
918 915 5395
507 919 5398
919 920 5399
760 921 5416
922 923 5573
923 807 5574
2 924 5743
924 803 5744
806 925 5838
925 19 5839
811 926 6044
926 927 6045
7 927 6046
928 24 6097
25 929 6098
929 22 6099
930 931 6112
931 932 6113
930 933 6114
933 934 6115
935 932 6117
936 28 6118
937 938 6121
938 939 6122
939 31 6123
29 940 6124
940 941 6125
942 941 6127
20 37 6130
943 21 6133
944 41 6137
945 43 6171
46 946 6180
946 947 6181
948 949 6186
949 51 6187
948 950 6188
950 951 6189
952 951 6191
953 954 6194
954 52 6195
58 953 6197
60 955 6202
955 956 6203
957 958 6208
958 959 6209
121 957 6211
55 960 6212
960 961 6213
962 963 6216
963 56 6217
962 964 6218
964 965 6219
965 966 6220
952 967 6225
967 968 6226
968 969 6227
970 969 6228
956 971 6232
971 59 6233
972 973 6365
973 79 6366
93 972 6368
974 975 6377
976 974 6380
82 977 6383
978 979 6393
979 980 6394
981 982 6399
982 77 6400
976 983 6401
984 983 6404
100 85 6412
91 105 6415
985 986 6417
986 987 6418
988 980 6422
989 990 6435
990 94 6436
991 992 6437
992 989 6438
993 994 6439
994 991 6440
993 995 6441
995 95 6442
99 996 6443
996 97 6444
997 998 6445
998 999 6446
1000 999 6448
1001 102 6452
1002 26 6457
106 1003 6459
1004 1005 6470
1005 1006 6471
1006 997 6472
1007 1008 6488
112 1009 6489
1009 1008 6490
1010 115 6492
970 118 6495
1011 1012 6497
1012 116 6498
1011 1013 6499
1013 1014 6500
119 1015 6501
1015 1014 6502
65 1016 6510
1017 122 6514
1018 1019 6520
1020 124 6560
125 1021 6563
1021 1022 6564
1023 1024 6581
1024 1025 6582
1026 1027 6585
1028 1029 6600
1029 1030 6601
1030 1022 6602
1031 127 6606
1032 1033 6612
1033 1034 6615
1034 129 6616
1035 1036 6764
1036 1037 6765
1038 1039 6770
1039 149 6771
1040 138 6778
1041 1042 6781
1043 1044 6784
1044 153 6785
1045 1046 6786
1046 1043 6787
1045 1047 6788
1047 1048 6789
1048 1049 6790
1049 142 6791
1050 147 6797
1037 1051 6806
1051 151 6807
1040 1042 6812
1052 1053 6827
1052 1054 6828
1054 1055 6829
158 1056 6830
1056 1055 6831
1057 1058 6842
1058 163 6843
1059 1060 6854
1060 1061 6855
1062 1063 6858
1063 1059 6859
195 1062 6861
193 1064 6866
1064 1065 6867
1066 1067 6911
1067 1068 6912
1069 1070 6934
1070 1071 6935
1071 1072 6936
1072 816 6937
1073 1074 6978
1074 1075 6979
1075 1076 6980
1076 1077 6981
1077 1078 6982
1078 170 6983
214 1079 7001
1080 1081 7002
1081 179 7003
1082 1083 7006
1083 1080 7007
1084 1085 7008
1085 1082 7009
180 1086 7010
1086 1084 7011
1087 1088 7012
1088 186 7013
1089 1090 7016
1090 1087 7017
1089 1091 7018
1091 1092 7019
1093 1053 7020
162 188 7026
166 1061 7034
1094 1095 7036
1095 198 7037
1096 1097 7038
1097 1094 7039
200 1098 7042
1098 1096 7043
1099 1100 7046
1100 201 7047
1101 1102 7048
1102 1099 7049
1103 1104 7052
1104 1101 7053
204 1068 7114
823 1105 7157
1105 1069 7158
819 1106 7171
1106 207 7172
174 1079 7178
1107 1108 7199
1108 1109 7200
1107 1110 7201
1110 1111 7202
226 1112 7223
1112 1113 7224
1114 230 7228
1115 1116 7243
1116 1117 7244
1118 1117 7246
1119 224 7261
1120 1113 7264
1121 1122 7274
1123 1124 7277
1125 1126 7281
234 1127 7300
263 1127 7327
1128 1129 7365
1129 1130 7366
254 1131 7369
1131 1128 7370
1132 1133 7379
1133 1134 7380
1134 1135 7383
1136 1137 7388
1138 1139 7396
1139 1140 7397
1140 1141 7398
1142 1141 7399
246 1142 7401
1143 1144 7403
1144 251 7404
1145 1146 7407
1146 1143 7408
1147 1148 7409
1148 1145 7410
1149 1147 7411
1150 1151 7414
1111 1152 7415
1152 1130 7416
1153 261 7445
1154 1155 7447
1155 1156 7448
289 1156 7450
1157 1158 7452
1159 1158 7454
1160 273 7464
276 1161 7465
1162 1163 7471
1163 284 7472
286 1164 7473
1164 1162 7474
1165 1166 7486
269 1167 7567
1167 830 7568
1168 1169 7627
1169 1170 7628
1171 1168 7630
1172 1173 7633
1173 1174 7634
1172 1175 7635
1175 287 7636
1174 1176 7637
1176 1166 7638
1159 1177 7642
1178 290 7644
1177 1179 7645
1179 292 7646
1180 1181 7695
1181 1182 7696
1183 1184 7751
1184 1185 7752
1183 1186 7753
1186 1187 7754
298 1188 7755
1188 1187 7756
1189 1190 7757
1190 1191 7758
1191 1192 7759
1192 1193 7760
1193 1194 7761
1194 1195 7762
305 1196 7763
1196 1195 7764
1197 326 7768
1198 307 7774
329 1199 7775
1199 1200 7776
1200 1201 7777
1201 333 7778
1160 311 7787
275 1202 7789
1203 1202 7792
285 1170 7799
1204 1205 7809
1205 340 7810
1206 359 7908
313 1207 7909
1207 1189 7910
1208 1209 7913
1209 1210 7914
1211 1212 7917
1212 1213 7918
1197 319 7921
1214 1215 7935
1215 1216 7936
1214 1217 7937
1217 1218 7938
1219 1218 7940
1171 1220 7949
339 1221 7951
1221 1220 7952
355 1222 7953
1222 1223 7954
369 1223 7956
1204 1224 7957
1224 342 7958
1225 358 7963
1226 1227 7968
1227 1228 7969
1228 351 7970
1229 1230 7983
1231 1232 8088
1206 1233 8092
1233 373 8093
1208 1234 8096
1213 1235 8098
1235 1236 8099
1237 1211 8100
1238 377 8103
1239 1240 8120
1240 1241 8121
368 1242 8122
1243 1244 8140
1245 370 8147
375 1246 8252
1247 1248 8253
394 1249 8255
1249 1247 8256
400 1236 8258
1250 1251 8269
1251 1252 8270
1253 1254 8271
1254 378 8272
1250 1255 8273
1255 1253 8274
1256 1257 8285
1258 382 8288
1259 1260 8295
1260 385 8296
1261 1259 8298
1262 387 8309
1252 1263 8418
1263 424 8419
405 379 8423
1264 1265 8426
1265 406 8427
1266 1267 8428
1267 1264 8429
1268 1269 8430
1269 1266 8431
1270 1271 8432
1271 1268 8433
1256 1272 8438
1272 1273 8442
1273 1274 8443
1275 1276 8453
1277 1276 8457
1278 1279 8459
1280 1281 8460
460 1282 8462
1282 1279 8463
1280 1283 8464
1283 1284 8465
1285 1286 8469
1287 1288 8474
1288 464 8475
410 1289 8478
1290 423 8586
1291 1292 8608
1292 466 8609
1291 491 8611
1293 1294 8620
1294 429 8621
431 1295 8622
1295 1293 8623
435 471 8625
1296 1297 8628
1297 1298 8629
1299 1300 8631
1301 440 8647
462 441 8648
443 1302 8650
1302 1285 8651
1303 446 8652
448 1304 8655
1300 1305 8660
1305 1306 8661
1306 1307 8662
1307 449 8663
1277 1308 8665
1308 1309 8666
1309 1310 8667
1310 1311 8668
1311 457 8669
472 445 8671
1303 1287 8672
1312 1313 8674
1313 1289 8675
1314 1315 8759
1315 481 8760
1314 1316 8761
1316 488 8762
490 1317 8765
1317 1318 8766
1318 1319 8767
1319 496 8768
1320 432 8777
1321 1322 8779
1322 1320 8780
1323 1324 8790
1325 1326 8795
1326 1327 8796
1328 1327 8797
1329 1330 8799
1330 1325 8800
1331 1329 8802
1332 1333 8811
1333 473 8812
1334 1335 8837
1335 1336 8838
851 1337 8879
1337 478 8880
1338 1339 8932
1339 860 8933
1340 1341 8948
1341 1342 8949
1331 500 8970
1343 1344 8974
1344 1345 8975
1346 1347 8979
1348 1347 8983
502 1349 8984
1349 1350 8985
1350 1351 8986
503 1336 9052
1352 1353 9119
1353 1354 9120
1321 1355 9121
1355 508 9122
1356 1357 9132
1358 1357 9133
1359 1360 9136
513 1361 9137
1361 1360 9138
1352 1362 9147
1362 1363 9148
1364 1365 9151
1365 1366 9152
1364 1367 9153
1367 522 9154
1342 515 9156
1368 1369 9167
1369 1370 9168
1371 1372 9169
1372 1368 9170
1373 1374 9171
1374 1375 9172
531 1373 9173
1375 1376 9175
1376 1371 9176
1377 1378 9181
1378 537 9182
1379 1380 9183
1380 1377 9184
539 1381 9189
1381 1379 9190
1382 1383 9195
1383 1348 9196
499 1384 9226
1382 1385 9227
1386 1387 9306
1387 856 9307
1388 1389 9343
523 1390 9350
1390 1391 9351
1392 1391 9353
1393 1394 9354
1394 1395 9356
1395 524 9357
1396 1397 9372
1397 1370 9373
542 1398 9386
1398 1399 9387
1400 1401 9388
1401 1399 9389
571 1400 9390
1402 1403 9404
1403 1404 9405
574 1405 9410
1405 1406 9411
1407 567 9413
1407 1408 9414
1408 1409 9415
519 1410 9531
1410 870 9532
589 1411 9548
1411 1412 9549
1412 1413 9550
1414 552 9551
1415 554 9554
556 1416 9555
1416 1417 9556
1418 1419 9565
1418 1420 9567
1420 1421 9568
1422 1423 9569
1423 1424 9570
585 1425 9573
1426 1427 9579
1427 586 9580
550 1413 9581
1428 1429 9608
1429 1430 9609
573 1431 9611
1431 1432 9627
1432 1433 9628
561 1434 9629
1434 1433 9630
1435 1436 9631
1436 564 9632
1435 1437 9633
576 1437 9636
1406 1438 9639
1438 566 9640
1439 1440 9747
1441 1442 9754
1442 1443 9755
1440 1444 9774
1444 1445 9775
1445 1446 9776
1446 597 9777
1447 609 9781
1448 1449 9783
1449 1450 9784
1450 599 9785
618 600 9788
660 1451 9801
1452 1453 9806
1454 672 9815
1455 1456 9818
1456 1457 9819
1457 1458 9820
1458 1459 9821
1460 1461 9886
1461 867 9887
1462 1463 9991
622 1464 10002
1464 626 10003
1465 624 10006
627 1466 10013
1466 629 10014
636 644 10016
641 1467 10021
1467 1468 10022
1469 1470 10027
1470 1471 10028
1471 1463 10029
1469 1472 10031
1472 1473 10032
1474 1475 10036
1475 1476 10038
643 1477 10043
1477 1478 10044
645 640 10046
1478 1479 10047
1479 646 10048
1480 1481 10056
687 1476 10057
691 1482 10059
1483 1484 10069
1485 655 10092
742 1486 10094
1487 1488 10105
1488 1489 10106
1487 1490 10107
1491 1492 10109
1492 663 10110
1493 1494 10111
1494 1491 10112
1495 1496 10113
1496 1493 10114
1495 1497 10115
1497 665 10116
1498 1499 10123
1499 1500 10124
1501 1502 10131
1502 1489 10132
1503 1504 10133
1504 1505 10134
1454 1503 10135
1506 1507 10138
1507 1505 10139
1508 1509 10274
1509 874 10275
1510 1511 10327
1511 682 10328
702 1512 10329
1512 1510 10330
686 1513 10331
1513 1480 10332
684 1514 10353
1514 1515 10354
1516 1517 10361
1517 1518 10362
1519 1516 10364
1520 1521 10373
713 1522 10396
1522 1518 10397
1523 1524 10406
1524 716 10407
726 1525 10426
1525 727 10427
1526 1527 10434
1528 1529 10442
1528 1530 10444
1530 1531 10445
1532 1533 10446
1533 1531 10447
1532 1534 10448
1534 1535 10449
743 1536 10454
884 1537 10598
1537 751 10599
747 1538 10695
1538 1539 10696
1540 766 10733
1541 1542 10757
1542 1543 10758
1544 1545 10761
1545 1541 10762
1546 1547 10763
1547 1544 10764
1548 883 10769
1549 1550 10816
1551 1552 10820
1553 1554 10823
1555 1551 10827
1556 1557 10837
1557 1549 10838
1558 894 10842
897 1558 10844
1559 1560 10850
1560 1561 10851
1562 1563 10854
1563 1559 10855
761 1564 10881
1564 1565 10882
1566 765 10926
779 1567 10963
1567 1568 10964
783 1569 10993
1569 1570 10994
1554 1571 11011
790 1572 11489
1572 788 11490
1573 1574 11491
1574 922 11492
792 1575 11493
1575 1573 11494
0 1576 11496
1576 1577 11497
14 1578 11498
1578 1579 11499
16 1580 11502
1580 812 11503
68 1581 11504
1581 1582 11505
1583 1584 11506
1584 17 11507
814 1585 11508
1585 1583 11509
1586 1587 11510
1587 71 11511
1588 1589 11514
1589 1590 11515
1590 1591 11516
1591 1066 11517
1592 1593 11518
1593 1586 11519
1592 1594 11524
1594 821 11525
1180 1595 11536
1595 825 11537
1182 1596 11549
1596 1597 11550
839 1598 11551
1598 1597 11552
1599 1600 11559
1600 842 11560
875 1601 11581
1601 1602 11582
1603 1604 11589
1604 1605 11590
1508 1606 11591
1606 881 11592
877 1607 11597
1607 1605 11598
1539 1608 11599
1608 758 11600
1609 888 11604
1610 1611 11607
1611 1540 11608
1543 1612 11612
1612 1613 11613
1610 1614 11614
1614 1615 11615
1613 1616 11616
1616 1617 11617
1617 1550 11620
1618 1619 11622
1619 889 11623
1620 1621 11624
1621 1556 11625
1561 1622 11626
1622 1618 11627
893 1623 11628
1623 1620 11629
895 1624 11632
1624 773 11633
841 1625 11646
1625 413 11647
1566 1626 11648
1626 882 11649
1562 1627 11650
1627 1555 11651
1628 1629 11652
1629 8 11653
1628 1630 11654
1630 786 11655
791 1631 11656
1631 798 11657
794 801 11658
1577 1632 11659
1632 1579 11660
12 1633 11665
1633 1582 11666
74 1634 11667
1634 809 11668
69 1635 11681
1635 1588 11682
267 1636 11707
1636 209 11708
262 1637 11713
1637 293 11714
901 1638 11727
1638 1639 11728
905 1639 11731
1640 1641 11738
1641 910 11739
1599 838 11744
911 1642 11745
1642 914 11746
1640 1643 11747
1643 917 11748
1644 1645 11753
1645 845 11754
1644 1646 11755
1646 920 11756
848 1647 11761
1647 1334 11762
854 1648 11765
1648 1338 11766
505 1649 11775
1649 857 11776
1386 1650 11783
1650 865 11784
872 1651 11795
1651 1602 11796
604 1652 11803
1652 1603 11804
674 1653 11805
1653 1460 11806
748 1654 11815
1654 1655 11816
1655 764 11817
1656 757 11820
1565 1657 11823
1657 899 11824
767 1546 11832
1658 1659 11837
886 778 11838
771 1660 11839
1660 1615 11840
1568 1658 11841
1570 1661 11842
1571 1662 11843
1662 1661 11844
1663 892 11847
890 784 11849
350 1216 -1
366 1239 -1
1242 1257 -1
943 36 -1
1016 959 -1
977 984 -1
84 1041 -1
1025 1026 -1
159 187 -1
173 215 -1
190 1057 -1
194 202 -1
220 210 -1
1203 277 -1
1161 312 -1
330 308 -1
362 1234 -1
1237 314 -1
322 364 -1
1241 337 -1
348 1229 -1
402 426 -1
1290 469 -1
456 1275 -1
1384 1345 -1
1358 1359 -1
1414 1415 -1
580 607 -1
595 1426 -1
1465 628 -1
705 685 -1
1609 1548 -1
1004 984 -1
1281 1244 -1
1459 1506 -1
1523 1526 -1
